76 101 0.000000
76 102 0.000000
76 103 0.000000
76 104 0.000000
76 105 0.000000
76 106 0.000000
76 107 0.000000
76 108 0.000000
76 109 0.000000
76 110 0.000000
76 111 0.000000
76 112 0.000000
76 113 0.000000
76 114 0.000000
76 115 0.000000
76 116 0.000000
76 117 0.000000
76 118 0.000000
76 119 0.000000
76 120 0.000000
76 121 0.000000
76 122 0.000000
76 123 0.000000
76 124 0.000000
76 125 0.000000
77 101 0.000000
77 102 0.000000
77 103 0.000000
77 104 0.000000
77 105 0.000000
77 106 0.000000
77 107 0.000000
77 108 0.000000
77 109 0.000000
77 110 0.000000
77 111 0.000000
77 112 0.000000
77 113 0.000000
77 114 0.000000
77 115 0.000000
77 116 0.000000
77 117 0.000000
77 118 0.000000
77 119 0.000000
77 120 0.000000
77 121 0.000000
77 122 0.000000
77 123 0.000000
77 124 0.000000
77 125 0.000000
78 101 0.000000
78 102 0.000000
78 103 0.000000
78 104 0.000000
78 105 0.000000
78 106 0.000000
78 107 0.000000
78 108 0.000000
78 109 0.000000
78 110 0.000000
78 111 0.000000
78 112 0.000000
78 113 0.000000
78 114 0.000000
78 115 0.000000
78 116 0.000000
78 117 0.000000
78 118 0.000000
78 119 0.000000
78 120 0.000000
78 121 0.000000
78 122 0.000000
78 123 0.000000
78 124 0.000000
78 125 0.000000
79 101 0.000000
79 102 0.000000
79 103 0.000000
79 104 0.000000
79 105 0.000000
79 106 0.000000
79 107 0.000000
79 108 0.000000
79 109 0.000000
79 110 0.000000
79 111 0.000000
79 112 0.000000
79 113 0.000000
79 114 0.000000
79 115 0.000000
79 116 0.000000
79 117 0.000000
79 118 0.000000
79 119 0.000000
79 120 0.000000
79 121 0.000000
79 122 0.000000
79 123 0.000000
79 124 0.000000
79 125 0.000000
80 101 0.000000
80 102 0.000000
80 103 0.000000
80 104 0.000000
80 105 0.000000
80 106 0.000000
80 107 0.000000
80 108 0.000000
80 109 0.000000
80 110 0.000000
80 111 0.000000
80 112 0.000000
80 113 0.000000
80 114 0.000000
80 115 0.000000
80 116 0.000000
80 117 0.000000
80 118 0.000000
80 119 0.000000
80 120 0.000000
80 121 0.000000
80 122 0.000000
80 123 0.000000
80 124 0.000000
80 125 0.000000
81 101 0.000000
81 102 0.000000
81 103 0.000000
81 104 0.000000
81 105 0.000000
81 106 0.000000
81 107 0.000000
81 108 0.000000
81 109 0.000000
81 110 0.000000
81 111 0.000000
81 112 0.000000
81 113 0.000000
81 114 0.000000
81 115 0.000000
81 116 0.000000
81 117 0.000000
81 118 0.000000
81 119 0.000000
81 120 0.000000
81 121 0.000000
81 122 0.000000
81 123 0.000000
81 124 0.000000
81 125 0.000000
82 101 0.000000
82 102 0.000000
82 103 0.000000
82 104 0.000000
82 105 0.000000
82 106 0.000000
82 107 0.000000
82 108 0.000000
82 109 0.000000
82 110 0.000000
82 111 0.000000
82 112 0.000000
82 113 0.000000
82 114 0.000000
82 115 0.000000
82 116 0.000000
82 117 0.000000
82 118 0.000000
82 119 0.000000
82 120 0.000000
82 121 0.000000
82 122 0.000000
82 123 0.000000
82 124 0.000000
82 125 0.000000
83 101 0.000000
83 102 0.000000
83 103 0.000000
83 104 0.000000
83 105 0.000000
83 106 0.000000
83 107 0.000000
83 108 0.000000
83 109 0.000000
83 110 0.000000
83 111 0.000000
83 112 0.000000
83 113 0.000000
83 114 0.000000
83 115 0.000000
83 116 0.000000
83 117 0.000000
83 118 0.000000
83 119 0.000000
83 120 0.000000
83 121 0.000000
83 122 0.000000
83 123 0.000000
83 124 0.000000
83 125 0.000000
84 101 0.000000
84 102 0.000000
84 103 0.000000
84 104 0.000000
84 105 0.000000
84 106 0.000000
84 107 0.000000
84 108 0.000000
84 109 0.000000
84 110 0.000000
84 111 0.000000
84 112 0.000000
84 113 0.000000
84 114 0.000000
84 115 0.000000
84 116 0.000000
84 117 0.000000
84 118 0.000000
84 119 0.000000
84 120 0.000000
84 121 0.000000
84 122 0.000000
84 123 0.000000
84 124 0.000000
84 125 0.000000
85 101 0.000000
85 102 0.000000
85 103 0.000000
85 104 0.000000
85 105 0.000000
85 106 0.000000
85 107 0.000000
85 108 0.000000
85 109 0.000000
85 110 0.000000
85 111 0.000000
85 112 0.000000
85 113 0.000000
85 114 0.000000
85 115 0.000000
85 116 0.000000
85 117 0.000000
85 118 0.000000
85 119 0.000000
85 120 0.000000
85 121 0.000000
85 122 0.000000
85 123 0.000000
85 124 0.000000
85 125 0.000000
86 101 0.000000
86 102 0.000000
86 103 0.000000
86 104 0.000000
86 105 0.000000
86 106 0.000000
86 107 0.000000
86 108 0.000000
86 109 0.000000
86 110 0.000000
86 111 0.000000
86 112 0.000000
86 113 0.000000
86 114 0.000000
86 115 0.000000
86 116 0.000000
86 117 0.000000
86 118 0.000000
86 119 0.000000
86 120 0.000000
86 121 0.000000
86 122 0.000000
86 123 0.000000
86 124 0.000000
86 125 0.000000
87 101 0.000000
87 102 0.000000
87 103 0.000000
87 104 0.000000
87 105 0.000000
87 106 0.000000
87 107 0.000000
87 108 0.000000
87 109 0.000000
87 110 0.000000
87 111 0.000000
87 112 0.000000
87 113 0.000000
87 114 0.000000
87 115 0.000000
87 116 0.000000
87 117 0.000000
87 118 0.000000
87 119 0.000000
87 120 0.000000
87 121 0.000000
87 122 0.000000
87 123 0.000000
87 124 0.000000
87 125 0.000000
88 101 0.000000
88 102 0.000000
88 103 0.000000
88 104 0.000000
88 105 0.000000
88 106 0.000000
88 107 0.000000
88 108 0.000000
88 109 0.000000
88 110 0.000000
88 111 0.000000
88 112 0.000000
88 113 0.000000
88 114 0.000000
88 115 0.000000
88 116 0.000000
88 117 0.000000
88 118 0.000000
88 119 0.000000
88 120 0.000000
88 121 0.000000
88 122 0.000000
88 123 0.000000
88 124 0.000000
88 125 0.000000
89 101 0.000000
89 102 0.000000
89 103 0.000000
89 104 0.000000
89 105 0.000000
89 106 0.000000
89 107 0.000000
89 108 0.000000
89 109 0.000000
89 110 0.000000
89 111 0.000000
89 112 0.000000
89 113 0.000000
89 114 0.000000
89 115 0.000000
89 116 0.000000
89 117 0.000000
89 118 0.000000
89 119 0.000000
89 120 0.000000
89 121 0.000000
89 122 0.000000
89 123 0.000000
89 124 0.000000
89 125 0.000000
90 101 0.000000
90 102 0.000000
90 103 0.000000
90 104 0.000000
90 105 0.000000
90 106 0.000000
90 107 0.000000
90 108 0.000000
90 109 0.000000
90 110 0.000000
90 111 0.000000
90 112 0.000000
90 113 0.000000
90 114 0.000000
90 115 0.000000
90 116 0.000000
90 117 0.000000
90 118 0.000000
90 119 0.000000
90 120 0.000000
90 121 0.000000
90 122 0.000000
90 123 0.000000
90 124 0.000000
90 125 0.000000
91 101 0.000000
91 102 0.000000
91 103 0.000000
91 104 0.000000
91 105 0.000000
91 106 0.000000
91 107 0.000000
91 108 0.000000
91 109 0.000000
91 110 0.000000
91 111 0.000000
91 112 0.000000
91 113 0.000000
91 114 0.000000
91 115 0.000000
91 116 0.000000
91 117 0.000000
91 118 0.000000
91 119 0.000000
91 120 0.000000
91 121 0.000000
91 122 0.000000
91 123 0.000000
91 124 0.000000
91 125 0.000000
92 101 0.000000
92 102 0.000000
92 103 0.000000
92 104 0.000000
92 105 0.000000
92 106 0.000000
92 107 0.000000
92 108 0.000000
92 109 0.000000
92 110 0.000000
92 111 0.000000
92 112 0.000000
92 113 0.000000
92 114 0.000000
92 115 0.000000
92 116 0.000000
92 117 0.000000
92 118 0.000000
92 119 0.000000
92 120 0.000000
92 121 0.000000
92 122 0.000000
92 123 0.000000
92 124 0.000000
92 125 0.000000
93 101 0.000000
93 102 0.000000
93 103 0.000000
93 104 0.000000
93 105 0.000000
93 106 0.000000
93 107 0.000000
93 108 0.000000
93 109 0.000000
93 110 0.000000
93 111 0.000000
93 112 0.000000
93 113 0.000000
93 114 0.000000
93 115 0.000000
93 116 0.000000
93 117 0.000000
93 118 0.000000
93 119 0.000000
93 120 0.000000
93 121 0.000000
93 122 0.000000
93 123 0.000000
93 124 0.000000
93 125 0.000000
94 101 0.000000
94 102 0.000000
94 103 0.000000
94 104 0.000000
94 105 0.000000
94 106 0.000000
94 107 0.000000
94 108 0.000000
94 109 0.000000
94 110 0.000000
94 111 0.000000
94 112 0.000000
94 113 0.000000
94 114 0.000000
94 115 0.000000
94 116 0.000000
94 117 0.000000
94 118 0.000000
94 119 0.000000
94 120 0.000000
94 121 0.000000
94 122 0.000000
94 123 0.000000
94 124 0.000000
94 125 0.000000
95 101 0.000000
95 102 0.000000
95 103 0.000000
95 104 0.000000
95 105 0.000000
95 106 0.000000
95 107 0.000000
95 108 0.000000
95 109 0.000000
95 110 0.000000
95 111 0.000000
95 112 0.000000
95 113 0.000000
95 114 0.000000
95 115 0.000000
95 116 0.000000
95 117 0.000000
95 118 0.000000
95 119 0.000000
95 120 0.000000
95 121 0.000000
95 122 0.000000
95 123 0.000000
95 124 0.000000
95 125 0.000000
96 101 0.000000
96 102 0.000000
96 103 0.000000
96 104 0.000000
96 105 0.000000
96 106 0.000000
96 107 0.000000
96 108 0.000000
96 109 0.000000
96 110 0.000000
96 111 0.000000
96 112 0.000000
96 113 0.000000
96 114 0.000000
96 115 0.000000
96 116 0.000000
96 117 0.000000
96 118 0.000000
96 119 0.000000
96 120 0.000000
96 121 0.000000
96 122 0.000000
96 123 0.000000
96 124 0.000000
96 125 0.000000
97 101 0.000000
97 102 0.000000
97 103 0.000000
97 104 0.000000
97 105 0.000000
97 106 0.000000
97 107 0.000000
97 108 0.000000
97 109 0.000000
97 110 0.000000
97 111 0.000000
97 112 0.000000
97 113 0.000000
97 114 0.000000
97 115 0.000000
97 116 0.000000
97 117 0.000000
97 118 0.000000
97 119 0.000000
97 120 0.000000
97 121 0.000000
97 122 0.000000
97 123 0.000000
97 124 0.000000
97 125 0.000000
98 101 0.000000
98 102 0.000000
98 103 0.000000
98 104 0.000000
98 105 0.000000
98 106 0.000000
98 107 0.000000
98 108 0.000000
98 109 0.000000
98 110 0.000000
98 111 0.000000
98 112 0.000000
98 113 0.000000
98 114 0.000000
98 115 0.000000
98 116 0.000000
98 117 0.000000
98 118 0.000000
98 119 0.000000
98 120 0.000000
98 121 0.000000
98 122 0.000000
98 123 0.000000
98 124 0.000000
98 125 0.000000
99 101 0.000000
99 102 0.000000
99 103 0.000000
99 104 0.000000
99 105 0.000000
99 106 0.000000
99 107 0.000000
99 108 0.000000
99 109 0.000000
99 110 0.000000
99 111 0.000000
99 112 0.000000
99 113 0.000000
99 114 0.000000
99 115 0.000000
99 116 0.000000
99 117 0.000000
99 118 0.000000
99 119 0.000000
99 120 0.000000
99 121 0.000000
99 122 0.000000
99 123 0.000000
99 124 0.000000
99 125 0.000000
100 101 0.000000
100 102 0.000000
100 103 0.000000
100 104 0.000000
100 105 0.000000
100 106 0.000000
100 107 0.000000
100 108 0.000000
100 109 0.000000
100 110 0.000000
100 111 0.000000
100 112 0.000000
100 113 0.000000
100 114 0.000000
100 115 0.000000
100 116 0.000000
100 117 0.000000
100 118 0.000000
100 119 0.000000
100 120 0.000000
100 121 0.000000
100 122 0.000000
100 123 0.000000
100 124 0.000000
100 125 0.000000
