126 76 0.000000
126 77 0.000000
126 78 0.000000
126 79 0.000000
126 80 0.000000
126 81 0.000000
126 82 0.000000
126 83 0.000000
126 84 0.000000
126 85 0.000000
126 86 0.000000
126 87 0.000000
126 88 0.000000
126 89 0.000000
126 90 0.000000
126 91 0.000000
126 92 0.000000
126 93 0.000000
126 94 0.000000
126 95 0.000000
126 96 0.000000
126 97 0.000000
126 98 0.000000
126 99 0.000000
126 100 0.000000
127 76 0.000000
127 77 0.000000
127 78 0.000000
127 79 0.000000
127 80 0.000000
127 81 0.000000
127 82 0.000000
127 83 0.000000
127 84 0.000000
127 85 0.000000
127 86 0.000000
127 87 0.000000
127 88 0.000000
127 89 0.000000
127 90 0.000000
127 91 0.000000
127 92 0.000000
127 93 0.000000
127 94 0.000000
127 95 0.000000
127 96 0.000000
127 97 0.000000
127 98 0.000000
127 99 0.000000
127 100 0.000000
128 76 0.000000
128 77 0.000000
128 78 0.000000
128 79 0.000000
128 80 0.000000
128 81 0.000000
128 82 0.000000
128 83 0.000000
128 84 0.000000
128 85 0.000000
128 86 0.000000
128 87 0.000000
128 88 0.000000
128 89 0.000000
128 90 0.000000
128 91 0.000000
128 92 0.000000
128 93 0.000000
128 94 0.000000
128 95 0.000000
128 96 0.000000
128 97 0.000000
128 98 0.000000
128 99 0.000000
128 100 0.000000
129 76 0.000000
129 77 0.000000
129 78 0.000000
129 79 0.000000
129 80 0.000000
129 81 0.000000
129 82 0.000000
129 83 0.000000
129 84 0.000000
129 85 0.000000
129 86 0.000000
129 87 0.000000
129 88 0.000000
129 89 0.000000
129 90 0.000000
129 91 0.000000
129 92 0.000000
129 93 0.000000
129 94 0.000000
129 95 0.000000
129 96 0.000000
129 97 0.000000
129 98 0.000000
129 99 0.000000
129 100 0.000000
130 76 0.000000
130 77 0.000000
130 78 0.000000
130 79 0.000000
130 80 0.000000
130 81 0.000000
130 82 0.000000
130 83 0.000000
130 84 0.000000
130 85 0.000000
130 86 0.000000
130 87 0.000000
130 88 0.000000
130 89 0.000000
130 90 0.000000
130 91 0.000000
130 92 0.000000
130 93 0.000000
130 94 0.000000
130 95 0.000000
130 96 0.000000
130 97 0.000000
130 98 0.000000
130 99 0.000000
130 100 0.000000
131 76 0.000000
131 77 0.000000
131 78 0.000000
131 79 0.000000
131 80 0.000000
131 81 0.000000
131 82 0.000000
131 83 0.000000
131 84 0.000000
131 85 0.000000
131 86 0.000000
131 87 0.000000
131 88 0.000000
131 89 0.000000
131 90 0.000000
131 91 0.000000
131 92 0.000000
131 93 0.000000
131 94 0.000000
131 95 0.000000
131 96 0.000000
131 97 0.000000
131 98 0.000000
131 99 0.000000
131 100 0.000000
132 76 0.000000
132 77 0.000000
132 78 0.000000
132 79 0.000000
132 80 0.000000
132 81 0.000000
132 82 0.000000
132 83 0.000000
132 84 0.000000
132 85 0.000000
132 86 0.000000
132 87 0.000000
132 88 0.000000
132 89 0.000000
132 90 0.000000
132 91 0.000000
132 92 0.000000
132 93 0.000000
132 94 0.000000
132 95 0.000000
132 96 0.000000
132 97 0.000000
132 98 0.000000
132 99 0.000000
132 100 0.000000
133 76 0.000000
133 77 0.000000
133 78 0.000000
133 79 0.000000
133 80 0.000000
133 81 0.000000
133 82 0.000000
133 83 0.000000
133 84 0.000000
133 85 0.000000
133 86 0.000000
133 87 0.000000
133 88 0.000000
133 89 0.000000
133 90 0.000000
133 91 0.000000
133 92 0.000000
133 93 0.000000
133 94 0.000000
133 95 0.000000
133 96 0.000000
133 97 0.000000
133 98 0.000000
133 99 0.000000
133 100 0.000000
134 76 0.000000
134 77 0.000000
134 78 0.000000
134 79 0.000000
134 80 0.000000
134 81 0.000000
134 82 0.000000
134 83 0.000000
134 84 0.000000
134 85 0.000000
134 86 0.000000
134 87 0.000000
134 88 0.000000
134 89 0.000000
134 90 0.000000
134 91 0.000000
134 92 0.000000
134 93 0.000000
134 94 0.000000
134 95 0.000000
134 96 0.000000
134 97 0.000000
134 98 0.000000
134 99 0.000000
134 100 0.000000
135 76 0.000000
135 77 0.000000
135 78 0.000000
135 79 0.000000
135 80 0.000000
135 81 0.000000
135 82 0.000000
135 83 0.000000
135 84 0.000000
135 85 0.000000
135 86 0.000000
135 87 0.000000
135 88 0.000000
135 89 0.000000
135 90 0.000000
135 91 0.000000
135 92 0.000000
135 93 0.000000
135 94 0.000000
135 95 0.000000
135 96 0.000000
135 97 0.000000
135 98 0.000000
135 99 0.000000
135 100 0.000000
136 76 0.000000
136 77 0.000000
136 78 0.000000
136 79 0.000000
136 80 0.000000
136 81 0.000000
136 82 0.000000
136 83 0.000000
136 84 0.000000
136 85 0.000000
136 86 0.000000
136 87 0.000000
136 88 0.000000
136 89 0.000000
136 90 0.000000
136 91 0.000000
136 92 0.000000
136 93 0.000000
136 94 0.000000
136 95 0.000000
136 96 0.000000
136 97 0.000000
136 98 0.000000
136 99 0.000000
136 100 0.000000
137 76 0.000000
137 77 0.000000
137 78 0.000000
137 79 0.000000
137 80 0.000000
137 81 0.000000
137 82 0.000000
137 83 0.000000
137 84 0.000000
137 85 0.000000
137 86 0.000000
137 87 0.000000
137 88 0.000000
137 89 0.000000
137 90 0.000000
137 91 0.000000
137 92 0.000000
137 93 0.000000
137 94 0.000000
137 95 0.000000
137 96 0.000000
137 97 0.000000
137 98 0.000000
137 99 0.000000
137 100 0.000000
138 76 0.000000
138 77 0.000000
138 78 0.000000
138 79 0.000000
138 80 0.000000
138 81 0.000000
138 82 0.000000
138 83 0.000000
138 84 0.000000
138 85 0.000000
138 86 0.000000
138 87 0.000000
138 88 0.000000
138 89 0.000000
138 90 0.000000
138 91 0.000000
138 92 0.000000
138 93 0.000000
138 94 0.000000
138 95 0.000000
138 96 0.000000
138 97 0.000000
138 98 0.000000
138 99 0.000000
138 100 0.000000
139 76 0.000000
139 77 0.000000
139 78 0.000000
139 79 0.000000
139 80 0.000000
139 81 0.000000
139 82 0.000000
139 83 0.000000
139 84 0.000000
139 85 0.000000
139 86 0.000000
139 87 0.000000
139 88 0.000000
139 89 0.000000
139 90 0.000000
139 91 0.000000
139 92 0.000000
139 93 0.000000
139 94 0.000000
139 95 0.000000
139 96 0.000000
139 97 0.000000
139 98 0.000000
139 99 0.000000
139 100 0.000000
140 76 0.000000
140 77 0.000000
140 78 0.000000
140 79 0.000000
140 80 0.000000
140 81 0.000000
140 82 0.000000
140 83 0.000000
140 84 0.000000
140 85 0.000000
140 86 0.000000
140 87 0.000000
140 88 0.000000
140 89 0.000000
140 90 0.000000
140 91 0.000000
140 92 0.000000
140 93 0.000000
140 94 0.000000
140 95 0.000000
140 96 0.000000
140 97 0.000000
140 98 0.000000
140 99 0.000000
140 100 0.000000
141 76 0.000000
141 77 0.000000
141 78 0.000000
141 79 0.000000
141 80 0.000000
141 81 0.000000
141 82 0.000000
141 83 0.000000
141 84 0.000000
141 85 0.000000
141 86 0.000000
141 87 0.000000
141 88 0.000000
141 89 0.000000
141 90 0.000000
141 91 0.000000
141 92 0.000000
141 93 0.000000
141 94 0.000000
141 95 0.000000
141 96 0.000000
141 97 0.000000
141 98 0.000000
141 99 0.000000
141 100 0.000000
142 76 0.000000
142 77 0.000000
142 78 0.000000
142 79 0.000000
142 80 0.000000
142 81 0.000000
142 82 0.000000
142 83 0.000000
142 84 0.000000
142 85 0.000000
142 86 0.000000
142 87 0.000000
142 88 0.000000
142 89 0.000000
142 90 0.000000
142 91 0.000000
142 92 0.000000
142 93 0.000000
142 94 0.000000
142 95 0.000000
142 96 0.000000
142 97 0.000000
142 98 0.000000
142 99 0.000000
142 100 0.000000
143 76 0.000000
143 77 0.000000
143 78 0.000000
143 79 0.000000
143 80 0.000000
143 81 0.000000
143 82 0.000000
143 83 0.000000
143 84 0.000000
143 85 0.000000
143 86 0.000000
143 87 0.000000
143 88 0.000000
143 89 0.000000
143 90 0.000000
143 91 0.000000
143 92 0.000000
143 93 0.000000
143 94 0.000000
143 95 0.000000
143 96 0.000000
143 97 0.000000
143 98 0.000000
143 99 0.000000
143 100 0.000000
144 76 0.000000
144 77 0.000000
144 78 0.000000
144 79 0.000000
144 80 0.000000
144 81 0.000000
144 82 0.000000
144 83 0.000000
144 84 0.000000
144 85 0.000000
144 86 0.000000
144 87 0.000000
144 88 0.000000
144 89 0.000000
144 90 0.000000
144 91 0.000000
144 92 0.000000
144 93 0.000000
144 94 0.000000
144 95 0.000000
144 96 0.000000
144 97 0.000000
144 98 0.000000
144 99 0.000000
144 100 0.000000
145 76 0.000000
145 77 0.000000
145 78 0.000000
145 79 0.000000
145 80 0.000000
145 81 0.000000
145 82 0.000000
145 83 0.000000
145 84 0.000000
145 85 0.000000
145 86 0.000000
145 87 0.000000
145 88 0.000000
145 89 0.000000
145 90 0.000000
145 91 0.000000
145 92 0.000000
145 93 0.000000
145 94 0.000000
145 95 0.000000
145 96 0.000000
145 97 0.000000
145 98 0.000000
145 99 0.000000
145 100 0.000000
146 76 0.000000
146 77 0.000000
146 78 0.000000
146 79 0.000000
146 80 0.000000
146 81 0.000000
146 82 0.000000
146 83 0.000000
146 84 0.000000
146 85 0.000000
146 86 0.000000
146 87 0.000000
146 88 0.000000
146 89 0.000000
146 90 0.000000
146 91 0.000000
146 92 0.000000
146 93 0.000000
146 94 0.000000
146 95 0.000000
146 96 0.000000
146 97 0.000000
146 98 0.000000
146 99 0.000000
146 100 0.000000
147 76 0.000000
147 77 0.000000
147 78 0.000000
147 79 0.000000
147 80 0.000000
147 81 0.000000
147 82 0.000000
147 83 0.000000
147 84 0.000000
147 85 0.000000
147 86 0.000000
147 87 0.000000
147 88 0.000000
147 89 0.000000
147 90 0.000000
147 91 0.000000
147 92 0.000000
147 93 0.000000
147 94 0.000000
147 95 0.000000
147 96 0.000000
147 97 0.000000
147 98 0.000000
147 99 0.000000
147 100 0.000000
148 76 0.000000
148 77 0.000000
148 78 0.000000
148 79 0.000000
148 80 0.000000
148 81 0.000000
148 82 0.000000
148 83 0.000000
148 84 0.000000
148 85 0.000000
148 86 0.000000
148 87 0.000000
148 88 0.000000
148 89 0.000000
148 90 0.000000
148 91 0.000000
148 92 0.000000
148 93 0.000000
148 94 0.000000
148 95 0.000000
148 96 0.000000
148 97 0.000000
148 98 0.000000
148 99 0.000000
148 100 0.000000
149 76 0.000000
149 77 0.000000
149 78 0.000000
149 79 0.000000
149 80 0.000000
149 81 0.000000
149 82 0.000000
149 83 0.000000
149 84 0.000000
149 85 0.000000
149 86 0.000000
149 87 0.000000
149 88 0.000000
149 89 0.000000
149 90 0.000000
149 91 0.000000
149 92 0.000000
149 93 0.000000
149 94 0.000000
149 95 0.000000
149 96 0.000000
149 97 0.000000
149 98 0.000000
149 99 0.000000
149 100 0.000000
150 76 0.000000
150 77 0.000000
150 78 0.000000
150 79 0.000000
150 80 0.000000
150 81 0.000000
150 82 0.000000
150 83 0.000000
150 84 0.000000
150 85 0.000000
150 86 0.000000
150 87 0.000000
150 88 0.000000
150 89 0.000000
150 90 0.000000
150 91 0.000000
150 92 0.000000
150 93 0.000000
150 94 0.000000
150 95 0.000000
150 96 0.000000
150 97 0.000000
150 98 0.000000
150 99 0.000000
150 100 0.000000
