151 1 0.008815
151 2 0.017629
151 3 0.026436
151 4 0.035242
151 5 0.044034
151 6 0.052822
151 7 0.061591
151 8 0.070355
151 9 0.079092
151 10 0.087823
151 11 0.096522
151 12 0.105212
151 13 0.113863
151 14 0.122505
151 15 0.131101
151 16 0.139687
151 17 0.148220
151 18 0.156742
151 19 0.165205
151 20 0.173656
151 21 0.182042
151 22 0.190414
151 23 0.198716
151 24 0.207002
151 25 0.215212
151 26 0.223407
151 27 0.231519
151 28 0.239615
151 29 0.247624
151 30 0.255615
151 31 0.263514
151 32 0.271396
151 33 0.279180
151 34 0.286947
151 35 0.294612
151 36 0.302260
151 37 0.309803
151 38 0.317328
151 39 0.324745
151 40 0.332145
151 41 0.339433
151 42 0.346706
151 43 0.353863
151 44 0.361008
151 45 0.368035
151 46 0.375051
151 47 0.381948
151 48 0.388836
151 49 0.395604
151 50 0.402366
152 1 0.008610
152 2 0.017217
152 3 0.025822
152 4 0.034418
152 5 0.043011
152 6 0.051587
152 7 0.060160
152 8 0.068711
152 9 0.077256
152 10 0.085772
152 11 0.094281
152 12 0.102755
152 13 0.111222
152 14 0.119647
152 15 0.128063
152 16 0.136430
152 17 0.144788
152 18 0.153092
152 19 0.161384
152 20 0.169617
152 21 0.177837
152 22 0.185991
152 23 0.194132
152 24 0.202202
152 25 0.210257
152 26 0.218235
152 27 0.226198
152 28 0.234079
152 29 0.241945
152 30 0.249723
152 31 0.257485
152 32 0.265155
152 33 0.272810
152 34 0.280367
152 35 0.287909
152 36 0.295350
152 37 0.302776
152 38 0.310098
152 39 0.317405
152 40 0.324604
152 41 0.331790
152 42 0.338865
152 43 0.345928
152 44 0.352878
152 45 0.359817
152 46 0.366642
152 47 0.373459
152 48 0.380159
152 49 0.386854
152 50 0.393431
153 1 0.008406
153 2 0.016811
153 3 0.025210
153 4 0.033606
153 5 0.041991
153 6 0.050372
153 7 0.058734
153 8 0.067092
153 9 0.075425
153 10 0.083753
153 11 0.092049
153 12 0.100338
153 13 0.108590
153 14 0.116834
153 15 0.125035
153 16 0.133226
153 17 0.141368
153 18 0.149500
153 19 0.157576
153 20 0.165642
153 21 0.173646
153 22 0.181638
153 23 0.189564
153 24 0.197477
153 25 0.205317
153 26 0.213144
153 27 0.220894
153 28 0.228630
153 29 0.236283
153 30 0.243922
153 31 0.251474
153 32 0.259011
153 33 0.266457
153 34 0.273888
153 35 0.281223
153 36 0.288545
153 37 0.295767
153 38 0.302976
153 39 0.310081
153 40 0.317174
153 41 0.324162
153 42 0.331138
153 43 0.338005
153 44 0.344863
153 45 0.351611
153 46 0.358351
153 47 0.364978
153 48 0.371601
153 49 0.378110
153 50 0.384617
154 1 0.008205
154 2 0.016406
154 3 0.024607
154 4 0.032798
154 5 0.040987
154 6 0.049161
154 7 0.057331
154 8 0.065480
154 9 0.073624
154 10 0.081740
154 11 0.089851
154 12 0.097929
154 13 0.105999
154 14 0.114031
154 15 0.122054
154 16 0.130032
154 17 0.138001
154 18 0.145919
154 19 0.153828
154 20 0.161679
154 21 0.169520
154 22 0.177299
154 23 0.185067
154 24 0.192766
154 25 0.200454
154 26 0.208069
154 27 0.215671
154 28 0.223196
154 29 0.230708
154 30 0.238137
154 31 0.245554
154 32 0.252883
154 33 0.260199
154 34 0.267425
154 35 0.274637
154 36 0.281755
154 37 0.288861
154 38 0.295868
154 39 0.302864
154 40 0.309759
154 41 0.316643
154 42 0.323423
154 43 0.330195
154 44 0.336860
154 45 0.343518
154 46 0.350068
154 47 0.356613
154 48 0.363049
154 49 0.369482
154 50 0.375805
155 1 0.008004
155 2 0.016008
155 3 0.024006
155 4 0.032002
155 5 0.039987
155 6 0.047968
155 7 0.055932
155 8 0.063892
155 9 0.071828
155 10 0.079759
155 11 0.087661
155 12 0.095557
155 13 0.103417
155 14 0.111270
155 15 0.119083
155 16 0.126887
155 17 0.134645
155 18 0.142394
155 19 0.150090
155 20 0.157778
155 21 0.165407
155 22 0.173026
155 23 0.180582
155 24 0.188127
155 25 0.195604
155 26 0.203070
155 27 0.210463
155 28 0.217844
155 29 0.225147
155 30 0.232439
155 31 0.239648
155 32 0.246845
155 33 0.253956
155 34 0.261056
155 35 0.268065
155 36 0.275064
155 37 0.281968
155 38 0.288863
155 39 0.295660
155 40 0.302448
155 41 0.309136
155 42 0.315816
155 43 0.322394
155 44 0.328966
155 45 0.335434
155 46 0.341897
155 47 0.348254
155 48 0.354609
155 49 0.360858
155 50 0.367107
156 1 0.007807
156 2 0.015611
156 3 0.023414
156 4 0.031209
156 5 0.039001
156 6 0.046779
156 7 0.054554
156 8 0.062309
156 9 0.070059
156 10 0.077784
156 11 0.085503
156 12 0.093191
156 13 0.100873
156 14 0.108518
156 15 0.116156
156 16 0.123751
156 17 0.131339
156 18 0.138878
156 19 0.146409
156 20 0.153886
156 21 0.161355
156 22 0.168764
156 23 0.176164
156 24 0.183500
156 25 0.190827
156 26 0.198084
156 27 0.205331
156 28 0.212505
156 29 0.219668
156 30 0.226753
156 31 0.233828
156 32 0.240821
156 33 0.247804
156 34 0.254701
156 35 0.261588
156 36 0.268385
156 37 0.275173
156 38 0.281869
156 39 0.288556
156 40 0.295148
156 41 0.301732
156 42 0.308219
156 43 0.314699
156 44 0.321080
156 45 0.327456
156 46 0.333731
156 47 0.340004
156 48 0.346173
156 49 0.352343
156 50 0.358409
157 1 0.007610
157 2 0.015220
157 3 0.022824
157 4 0.030427
157 5 0.038019
157 6 0.045608
157 7 0.053180
157 8 0.060749
157 9 0.068295
157 10 0.075838
157 11 0.083352
157 12 0.090861
157 13 0.098337
157 14 0.105807
157 15 0.113237
157 16 0.120662
157 17 0.128042
157 18 0.135414
157 19 0.142737
157 20 0.150053
157 21 0.157313
157 22 0.164565
157 23 0.171758
157 24 0.178941
157 25 0.186060
157 26 0.193170
157 27 0.200211
157 28 0.207243
157 29 0.214201
157 30 0.221150
157 31 0.228021
157 32 0.234883
157 33 0.241663
157 34 0.248435
157 35 0.255121
157 36 0.261799
157 37 0.268389
157 38 0.274971
157 39 0.281462
157 40 0.287946
157 41 0.294337
157 42 0.300722
157 43 0.307011
157 44 0.313297
157 45 0.319484
157 46 0.325670
157 47 0.331756
157 48 0.337843
157 49 0.343829
157 50 0.349818
158 1 0.007416
158 2 0.014830
158 3 0.022243
158 4 0.029648
158 5 0.037050
158 6 0.044440
158 7 0.051826
158 8 0.059193
158 9 0.066557
158 10 0.073897
158 11 0.081232
158 12 0.088537
158 13 0.095837
158 14 0.103102
158 15 0.110361
158 16 0.117580
158 17 0.124792
158 18 0.131959
158 19 0.139119
158 20 0.146228
158 21 0.153330
158 22 0.160376
158 23 0.167414
158 24 0.174392
158 25 0.181362
158 26 0.188267
158 27 0.195164
158 28 0.201992
158 29 0.208811
158 30 0.215557
158 31 0.222294
158 32 0.228955
158 33 0.235607
158 34 0.242179
158 35 0.248743
158 36 0.255223
158 37 0.261696
158 38 0.268082
158 39 0.274463
158 40 0.280753
158 41 0.287039
158 42 0.293232
158 43 0.299423
158 44 0.305518
158 45 0.311613
158 46 0.317612
158 47 0.323611
158 48 0.329513
158 49 0.335418
158 50 0.341225
159 1 0.007223
159 2 0.014446
159 3 0.021663
159 4 0.028879
159 5 0.036085
159 6 0.043288
159 7 0.050476
159 8 0.057660
159 9 0.064824
159 10 0.071984
159 11 0.079117
159 12 0.086246
159 13 0.093344
159 14 0.100436
159 15 0.107492
159 16 0.114542
159 17 0.121551
159 18 0.128553
159 19 0.135509
159 20 0.142458
159 21 0.149355
159 22 0.156246
159 23 0.163080
159 24 0.169907
159 25 0.176674
159 26 0.183433
159 27 0.190126
159 28 0.196813
159 29 0.203430
159 30 0.210041
159 31 0.216577
159 32 0.223107
159 33 0.229561
159 34 0.236007
159 35 0.242374
159 36 0.248734
159 37 0.255012
159 38 0.261284
159 39 0.267470
159 40 0.273652
159 41 0.279746
159 42 0.285837
159 43 0.291838
159 44 0.297837
159 45 0.303744
159 46 0.309652
159 47 0.315466
159 48 0.321283
159 49 0.327005
159 50 0.332732
160 1 0.007032
160 2 0.014062
160 3 0.021091
160 4 0.028113
160 5 0.035133
160 6 0.042139
160 7 0.049144
160 8 0.056131
160 9 0.063114
160 10 0.070075
160 11 0.077032
160 12 0.083961
160 13 0.090885
160 14 0.097776
160 15 0.104663
160 16 0.111511
160 17 0.118354
160 18 0.125154
160 19 0.131948
160 20 0.138695
160 21 0.145436
160 22 0.152124
160 23 0.158806
160 24 0.165431
160 25 0.172049
160 26 0.178607
160 27 0.185158
160 28 0.191643
160 29 0.198123
160 30 0.204533
160 31 0.210937
160 32 0.217268
160 33 0.223594
160 34 0.229843
160 35 0.236088
160 36 0.242253
160 37 0.248413
160 38 0.254492
160 39 0.260567
160 40 0.266557
160 41 0.272545
160 42 0.278447
160 43 0.284347
160 44 0.290159
160 45 0.295971
160 46 0.301693
160 47 0.307418
160 48 0.313052
160 49 0.318690
160 50 0.324236
161 1 0.006842
161 2 0.013684
161 3 0.020521
161 4 0.027357
161 5 0.034182
161 6 0.041007
161 7 0.047815
161 8 0.054622
161 9 0.061409
161 10 0.068192
161 11 0.074951
161 12 0.081706
161 13 0.088432
161 14 0.095153
161 15 0.101839
161 16 0.108521
161 17 0.115164
161 18 0.121802
161 19 0.128395
161 20 0.134983
161 21 0.141523
161 22 0.148057
161 23 0.154538
161 24 0.161014
161 25 0.167432
161 26 0.173845
161 27 0.180196
161 28 0.186542
161 29 0.192823
161 30 0.199098
161 31 0.205304
161 32 0.211505
161 33 0.217635
161 34 0.223759
161 35 0.229808
161 36 0.235854
161 37 0.241821
161 38 0.247785
161 39 0.253668
161 40 0.259550
161 41 0.265348
161 42 0.271146
161 43 0.276858
161 44 0.282572
161 45 0.288198
161 46 0.293827
161 47 0.299368
161 48 0.304914
161 49 0.310371
161 50 0.315834
162 1 0.006655
162 2 0.013307
162 3 0.019958
162 4 0.026602
162 5 0.033245
162 6 0.039876
162 7 0.046505
162 8 0.053117
162 9 0.059726
162 10 0.066314
162 11 0.072898
162 12 0.079456
162 13 0.086011
162 14 0.092534
162 15 0.099054
162 16 0.105537
162 17 0.112016
162 18 0.118455
162 19 0.124889
162 20 0.131278
162 21 0.137662
162 22 0.143997
162 23 0.150328
162 24 0.156604
162 25 0.162876
162 26 0.169090
162 27 0.175300
162 28 0.181448
162 29 0.187591
162 30 0.193669
162 31 0.199743
162 32 0.205749
162 33 0.211750
162 34 0.217681
162 35 0.223607
162 36 0.229460
162 37 0.235310
162 38 0.241082
162 39 0.246854
162 40 0.252545
162 41 0.258237
162 42 0.263846
162 43 0.269457
162 44 0.274984
162 45 0.280515
162 46 0.285960
162 47 0.291409
162 48 0.296773
162 49 0.302143
162 50 0.307426
163 1 0.006467
163 2 0.012934
163 3 0.019396
163 4 0.025858
163 5 0.032310
163 6 0.038760
163 7 0.045197
163 8 0.051631
163 9 0.058046
163 10 0.064460
163 11 0.070849
163 12 0.077236
163 13 0.083595
163 14 0.089950
163 15 0.096273
163 16 0.102592
163 17 0.108874
163 18 0.115152
163 19 0.121388
163 20 0.127621
163 21 0.133808
163 22 0.139990
163 23 0.146123
163 24 0.152251
163 25 0.158326
163 26 0.164396
163 27 0.170409
163 28 0.176418
163 29 0.182365
163 30 0.188309
163 31 0.194188
163 32 0.200064
163 33 0.205871
163 34 0.211677
163 35 0.217411
163 36 0.223143
163 37 0.228802
163 38 0.234460
163 39 0.240041
163 40 0.245623
163 41 0.251127
163 42 0.256631
163 43 0.262056
163 44 0.267484
163 45 0.272829
163 46 0.278180
163 47 0.283447
163 48 0.288720
163 49 0.293910
163 50 0.299108
164 1 0.006282
164 2 0.012562
164 3 0.018842
164 4 0.025115
164 5 0.031386
164 6 0.037646
164 7 0.043905
164 8 0.050148
164 9 0.056389
164 10 0.062609
164 11 0.068827
164 12 0.075019
164 13 0.081209
164 14 0.087370
164 15 0.093527
164 16 0.099651
164 17 0.105771
164 18 0.111854
164 19 0.117932
164 20 0.123969
164 21 0.130002
164 22 0.135988
164 23 0.141971
164 24 0.147903
164 25 0.153832
164 26 0.159707
164 27 0.165579
164 28 0.171393
164 29 0.177204
164 30 0.182953
164 31 0.188700
164 32 0.194383
164 33 0.200063
164 34 0.205677
164 35 0.211288
164 36 0.216830
164 37 0.222371
164 38 0.227839
164 39 0.233308
164 40 0.238702
164 41 0.244098
164 42 0.249416
164 43 0.254738
164 44 0.259981
164 45 0.265228
164 46 0.270396
164 47 0.275570
164 48 0.280663
164 49 0.285763
164 50 0.290782
165 1 0.006098
165 2 0.012195
165 3 0.018288
165 4 0.024381
165 5 0.030464
165 6 0.036547
165 7 0.042616
165 8 0.048683
165 9 0.054733
165 10 0.060781
165 11 0.066807
165 12 0.072830
165 13 0.078827
165 14 0.084822
165 15 0.090786
165 16 0.096747
165 17 0.102673
165 18 0.108596
165 19 0.114481
165 20 0.120362
165 21 0.126200
165 22 0.132035
165 23 0.137824
165 24 0.143609
165 25 0.149344
165 26 0.155076
165 27 0.160753
165 28 0.166429
165 29 0.172046
165 30 0.177662
165 31 0.183216
165 32 0.188769
165 33 0.194258
165 34 0.199746
165 35 0.205168
165 36 0.210589
165 37 0.215941
165 38 0.221294
165 39 0.226576
165 40 0.231858
165 41 0.237068
165 42 0.242281
165 43 0.247418
165 44 0.252559
165 45 0.257624
165 46 0.262695
165 47 0.267688
165 48 0.272688
165 49 0.277610
165 50 0.282541
166 1 0.005915
166 2 0.011829
166 3 0.017742
166 4 0.023648
166 5 0.029554
166 6 0.035449
166 7 0.041342
166 8 0.047221
166 9 0.053098
166 10 0.058956
166 11 0.064812
166 12 0.070644
166 13 0.076475
166 14 0.082277
166 15 0.088078
166 16 0.093846
166 17 0.099613
166 18 0.105343
166 19 0.111071
166 20 0.116759
166 21 0.122445
166 22 0.128087
166 23 0.133726
166 24 0.139319
166 25 0.144908
166 26 0.150448
166 27 0.155985
166 28 0.161468
166 29 0.166949
166 30 0.172373
166 31 0.177796
166 32 0.183159
166 33 0.188520
166 34 0.193819
166 35 0.199117
166 36 0.204350
166 37 0.209584
166 38 0.214750
166 39 0.219917
166 40 0.225014
166 41 0.230115
166 42 0.235143
166 43 0.240176
166 44 0.245135
166 45 0.250099
166 46 0.254989
166 47 0.259886
166 48 0.264707
166 49 0.269537
166 50 0.274291
167 1 0.005733
167 2 0.011467
167 3 0.017196
167 4 0.022924
167 5 0.028644
167 6 0.034364
167 7 0.040070
167 8 0.045776
167 9 0.051465
167 10 0.057153
167 11 0.062819
167 12 0.068484
167 13 0.074125
167 14 0.079763
167 15 0.085373
167 16 0.090980
167 17 0.096555
167 18 0.102128
167 19 0.107664
167 20 0.113199
167 21 0.118692
167 22 0.124184
167 23 0.129632
167 24 0.135078
167 25 0.140477
167 26 0.145873
167 27 0.151220
167 28 0.156564
167 29 0.161855
167 30 0.167145
167 31 0.172378
167 32 0.177611
167 33 0.182784
167 34 0.187957
167 35 0.193068
167 36 0.198179
167 37 0.203227
167 38 0.208276
167 39 0.213258
167 40 0.218243
167 41 0.223159
167 42 0.228080
167 43 0.232930
167 44 0.237786
167 45 0.242570
167 46 0.247360
167 47 0.252078
167 48 0.256804
167 49 0.261457
167 50 0.266119
168 1 0.005553
168 2 0.011105
168 3 0.016656
168 4 0.022201
168 5 0.027746
168 6 0.033280
168 7 0.038813
168 8 0.044333
168 9 0.049851
168 10 0.055351
168 11 0.060850
168 12 0.066327
168 13 0.071802
168 14 0.077252
168 15 0.082699
168 16 0.088117
168 17 0.093533
168 18 0.098916
168 19 0.104297
168 20 0.109641
168 21 0.114983
168 22 0.120285
168 23 0.125584
168 24 0.130840
168 25 0.136095
168 26 0.141302
168 27 0.146508
168 28 0.151663
168 29 0.156818
168 30 0.161919
168 31 0.167020
168 32 0.172065
168 33 0.177109
168 34 0.182096
168 35 0.187083
168 36 0.192009
168 37 0.196936
168 38 0.201801
168 39 0.206668
168 40 0.211470
168 41 0.216275
168 42 0.221014
168 43 0.225757
168 44 0.230432
168 45 0.235114
168 46 0.239726
168 47 0.244345
168 48 0.248894
168 49 0.253452
168 50 0.257939
169 1 0.005374
169 2 0.010747
169 3 0.016117
169 4 0.021486
169 5 0.026848
169 6 0.032209
169 7 0.037558
169 8 0.042906
169 9 0.048239
169 10 0.053570
169 11 0.058883
169 12 0.064194
169 13 0.069482
169 14 0.074768
169 15 0.080028
169 16 0.085286
169 17 0.090514
169 18 0.095740
169 19 0.100932
169 20 0.106123
169 21 0.111276
169 22 0.116428
169 23 0.121539
169 24 0.126649
169 25 0.131715
169 26 0.136780
169 27 0.141798
169 28 0.146815
169 29 0.151782
169 30 0.156749
169 31 0.161663
169 32 0.166577
169 33 0.171436
169 34 0.176296
169 35 0.181098
169 36 0.185902
169 37 0.190645
169 38 0.195392
169 39 0.200076
169 40 0.204764
169 41 0.209388
169 42 0.214017
169 43 0.218581
169 44 0.223150
169 45 0.227653
169 46 0.232163
169 47 0.236605
169 48 0.241057
169 49 0.245439
169 50 0.249832
170 1 0.005196
170 2 0.010390
170 3 0.015584
170 4 0.020772
170 5 0.025960
170 6 0.031138
170 7 0.036316
170 8 0.041481
170 9 0.046644
170 10 0.051791
170 11 0.056937
170 12 0.062063
170 13 0.067187
170 14 0.072287
170 15 0.077386
170 16 0.082457
170 17 0.087527
170 18 0.092566
170 19 0.097604
170 20 0.102608
170 21 0.107610
170 22 0.112574
170 23 0.117538
170 24 0.122460
170 25 0.127382
170 26 0.132260
170 27 0.137137
170 28 0.141968
170 29 0.146799
170 30 0.151580
170 31 0.156361
170 32 0.161090
170 33 0.165820
170 34 0.170496
170 35 0.175173
170 36 0.179794
170 37 0.184417
170 38 0.188981
170 39 0.193549
170 40 0.198056
170 41 0.202567
170 42 0.207017
170 43 0.211472
170 44 0.215863
170 45 0.220261
170 46 0.224594
170 47 0.228936
170 48 0.233211
170 49 0.237497
170 50 0.241716
171 1 0.005018
171 2 0.010037
171 3 0.015051
171 4 0.020066
171 5 0.025073
171 6 0.030080
171 7 0.035075
171 8 0.040070
171 9 0.045051
171 10 0.050031
171 11 0.054993
171 12 0.059954
171 13 0.064894
171 14 0.069832
171 15 0.074746
171 16 0.079659
171 17 0.084543
171 18 0.089426
171 19 0.094278
171 20 0.099129
171 21 0.103945
171 22 0.108760
171 23 0.113538
171 24 0.118315
171 25 0.123051
171 26 0.127787
171 27 0.132479
171 28 0.137171
171 29 0.141816
171 30 0.146462
171 31 0.151060
171 32 0.155658
171 33 0.160205
171 34 0.164753
171 35 0.169248
171 36 0.173745
171 37 0.178187
171 38 0.182632
171 39 0.187019
171 40 0.191411
171 41 0.195743
171 42 0.200081
171 43 0.204358
171 44 0.208641
171 45 0.212863
171 46 0.217092
171 47 0.221258
171 48 0.225434
171 49 0.229545
171 50 0.233668
172 1 0.004843
172 2 0.009684
172 3 0.014524
172 4 0.019360
172 5 0.024195
172 6 0.029021
172 7 0.033847
172 8 0.038661
172 9 0.043474
172 10 0.048272
172 11 0.053069
172 12 0.057847
172 13 0.062624
172 14 0.067379
172 15 0.072133
172 16 0.076861
172 17 0.081589
172 18 0.086288
172 19 0.090986
172 20 0.095652
172 21 0.100317
172 22 0.104948
172 23 0.109578
172 24 0.114170
172 25 0.118763
172 26 0.123314
172 27 0.127866
172 28 0.132374
172 29 0.136883
172 30 0.141346
172 31 0.145810
172 32 0.150225
172 33 0.154643
172 34 0.159009
172 35 0.163379
172 36 0.167695
172 37 0.172015
172 38 0.176280
172 39 0.180549
172 40 0.184762
172 41 0.188980
172 42 0.193140
172 43 0.197307
172 44 0.201414
172 45 0.205529
172 46 0.209583
172 47 0.213646
172 48 0.217648
172 49 0.221660
172 50 0.225610
173 1 0.004667
173 2 0.009334
173 3 0.013998
173 4 0.018661
173 5 0.023318
173 6 0.027974
173 7 0.032620
173 8 0.037266
173 9 0.041899
173 10 0.046531
173 11 0.051146
173 12 0.055761
173 13 0.060356
173 14 0.064950
173 15 0.069521
173 16 0.074092
173 17 0.078636
173 18 0.083180
173 19 0.087695
173 20 0.092209
173 21 0.096691
173 22 0.101173
173 23 0.105620
173 24 0.110066
173 25 0.114475
173 26 0.118885
173 27 0.123253
173 28 0.127623
173 29 0.131949
173 30 0.136277
173 31 0.140559
173 32 0.144843
173 33 0.149080
173 34 0.153319
173 35 0.157508
173 36 0.161700
173 37 0.165840
173 38 0.169985
173 39 0.174076
173 40 0.178172
173 41 0.182213
173 42 0.186260
173 43 0.190250
173 44 0.194248
173 45 0.198188
173 46 0.202136
173 47 0.206026
173 48 0.209925
173 49 0.213765
173 50 0.217616
174 1 0.004493
174 2 0.008985
174 3 0.013476
174 4 0.017963
174 5 0.022449
174 6 0.026927
174 7 0.031405
174 8 0.035872
174 9 0.040338
174 10 0.044790
174 11 0.049242
174 12 0.053676
174 13 0.058109
174 14 0.062522
174 15 0.066935
174 16 0.071323
174 17 0.075712
174 18 0.080074
174 19 0.084435
174 20 0.088767
174 21 0.093099
174 22 0.097399
174 23 0.101698
174 24 0.105963
174 25 0.110228
174 26 0.114456
174 27 0.118684
174 28 0.122872
174 29 0.127061
174 30 0.131208
174 31 0.135357
174 32 0.139461
174 33 0.143567
174 34 0.147626
174 35 0.151689
174 36 0.155702
174 37 0.159720
174 38 0.163687
174 39 0.167658
174 40 0.171578
174 41 0.175503
174 42 0.179374
174 43 0.183252
174 44 0.187076
174 45 0.190907
174 46 0.194682
174 47 0.198467
174 48 0.202194
174 49 0.205932
174 50 0.209612
175 1 0.004319
175 2 0.008639
175 3 0.012955
175 4 0.017271
175 5 0.021581
175 6 0.025891
175 7 0.030191
175 8 0.034491
175 9 0.038779
175 10 0.043066
175 11 0.047339
175 12 0.051610
175 13 0.055864
175 14 0.060117
175 15 0.064349
175 16 0.068581
175 17 0.072788
175 18 0.076996
175 19 0.081176
175 20 0.085357
175 21 0.089508
175 22 0.093659
175 23 0.097778
175 24 0.101897
175 25 0.105981
175 26 0.110066
175 27 0.114114
175 28 0.118163
175 29 0.122173
175 30 0.126184
175 31 0.130153
175 32 0.134125
175 33 0.138052
175 34 0.141983
175 35 0.145867
175 36 0.149755
175 37 0.153596
175 38 0.157441
175 39 0.161237
175 40 0.165038
175 41 0.168788
175 42 0.172544
175 43 0.176249
175 44 0.179960
175 45 0.183619
175 46 0.187286
175 47 0.190899
175 48 0.194521
175 49 0.198089
175 50 0.201668
176 1 0.004147
176 2 0.008293
176 3 0.012438
176 4 0.016579
176 5 0.020720
176 6 0.024854
176 7 0.028987
176 8 0.033111
176 9 0.037233
176 10 0.041343
176 11 0.045452
176 12 0.049546
176 13 0.053639
176 14 0.057713
176 15 0.061787
176 16 0.065839
176 17 0.069891
176 18 0.073919
176 19 0.077947
176 20 0.081947
176 21 0.085948
176 22 0.089919
176 23 0.093891
176 24 0.097831
176 25 0.101771
176 26 0.105677
176 27 0.109584
176 28 0.113454
176 29 0.117326
176 30 0.121158
176 31 0.124993
176 32 0.128787
176 33 0.132584
176 34 0.136337
176 35 0.140094
176 36 0.143806
176 37 0.147522
176 38 0.151192
176 39 0.154866
176 40 0.158493
176 41 0.162126
176 42 0.165709
176 43 0.169299
176 44 0.172838
176 45 0.176386
176 46 0.179882
176 47 0.183387
176 48 0.186840
176 49 0.190303
176 50 0.193713
177 1 0.003975
177 2 0.007950
177 3 0.011922
177 4 0.015894
177 5 0.019860
177 6 0.023827
177 7 0.027784
177 8 0.031742
177 9 0.035688
177 10 0.039635
177 11 0.043567
177 12 0.047499
177 13 0.051414
177 14 0.055329
177 15 0.059225
177 16 0.063121
177 17 0.066994
177 18 0.070868
177 19 0.074717
177 20 0.078567
177 21 0.082389
177 22 0.086212
177 23 0.090005
177 24 0.093799
177 25 0.097561
177 26 0.101324
177 27 0.105053
177 28 0.108784
177 29 0.112478
177 30 0.116174
177 31 0.119832
177 32 0.123493
177 33 0.127113
177 34 0.130736
177 35 0.134318
177 36 0.137903
177 37 0.141445
177 38 0.144991
177 39 0.148492
177 40 0.151998
177 41 0.155458
177 42 0.158924
177 43 0.162343
177 44 0.165769
177 45 0.169146
177 46 0.172531
177 47 0.175867
177 48 0.179212
177 49 0.182507
177 50 0.185813
178 1 0.003804
178 2 0.007607
178 3 0.011410
178 4 0.015209
178 5 0.019008
178 6 0.022800
178 7 0.026592
178 8 0.030374
178 9 0.034156
178 10 0.037927
178 11 0.041697
178 12 0.045452
178 13 0.049208
178 14 0.052946
178 15 0.056684
178 16 0.060403
178 17 0.064121
178 18 0.067818
178 19 0.071514
178 20 0.075186
178 21 0.078859
178 22 0.082504
178 23 0.086150
178 24 0.089766
178 25 0.093384
178 26 0.096971
178 27 0.100558
178 28 0.104112
178 29 0.107668
178 30 0.111188
178 31 0.114711
178 32 0.118196
178 33 0.121684
178 34 0.125133
178 35 0.128586
178 36 0.131997
178 37 0.135413
178 38 0.138786
178 39 0.142164
178 40 0.145499
178 41 0.148839
178 42 0.152134
178 43 0.155437
178 44 0.158693
178 45 0.161956
178 46 0.165173
178 47 0.168399
178 48 0.171576
178 49 0.174764
178 50 0.177903
179 1 0.003634
179 2 0.007267
179 3 0.010898
179 4 0.014529
179 5 0.018155
179 6 0.021781
179 7 0.025399
179 8 0.029017
179 9 0.032625
179 10 0.036233
179 11 0.039827
179 12 0.043422
179 13 0.047002
179 14 0.050582
179 15 0.054144
179 16 0.057707
179 17 0.061249
179 18 0.064791
179 19 0.068311
179 20 0.071832
179 21 0.075328
179 22 0.078825
179 23 0.082295
179 24 0.085766
179 25 0.089207
179 26 0.092651
179 27 0.096063
179 28 0.099476
179 29 0.102857
179 30 0.106240
179 31 0.109588
179 32 0.112939
179 33 0.116253
179 34 0.119571
179 35 0.122850
179 36 0.126134
179 37 0.129377
179 38 0.132625
179 39 0.135832
179 40 0.139045
179 41 0.142215
179 42 0.145391
179 43 0.148524
179 44 0.151664
179 45 0.154760
179 46 0.157863
179 47 0.160922
179 48 0.163989
179 49 0.167011
179 50 0.170043
180 1 0.003464
180 2 0.006927
180 3 0.010390
180 4 0.013850
180 5 0.017309
180 6 0.020762
180 7 0.024216
180 8 0.027660
180 9 0.031105
180 10 0.034539
180 11 0.037972
180 12 0.041393
180 13 0.044813
180 14 0.048218
180 15 0.051623
180 16 0.055010
180 17 0.058398
180 18 0.061765
180 19 0.065133
180 20 0.068478
180 21 0.071824
180 22 0.075146
180 23 0.078468
180 24 0.081764
180 25 0.085061
180 26 0.088330
180 27 0.091600
180 28 0.094839
180 29 0.098081
180 30 0.101290
180 31 0.104502
180 32 0.107680
180 33 0.110861
180 34 0.114006
180 35 0.117155
180 36 0.120267
180 37 0.123383
180 38 0.126461
180 39 0.129543
180 40 0.132586
180 41 0.135635
180 42 0.138642
180 43 0.141657
180 44 0.144629
180 45 0.147609
180 46 0.150546
180 47 0.153492
180 48 0.156394
180 49 0.159306
180 50 0.162173
181 1 0.003295
181 2 0.006590
181 3 0.009883
181 4 0.013175
181 5 0.016463
181 6 0.019751
181 7 0.023032
181 8 0.026313
181 9 0.029585
181 10 0.032857
181 11 0.036117
181 12 0.039378
181 13 0.042625
181 14 0.045872
181 15 0.049103
181 16 0.052334
181 17 0.055547
181 18 0.058761
181 19 0.061954
181 20 0.065148
181 21 0.068320
181 22 0.071493
181 23 0.074641
181 24 0.077791
181 25 0.080914
181 26 0.084039
181 27 0.087136
181 28 0.090234
181 29 0.093303
181 30 0.096375
181 31 0.099414
181 32 0.102457
181 33 0.105466
181 34 0.108479
181 35 0.111457
181 36 0.114439
181 37 0.117385
181 38 0.120336
181 39 0.123250
181 40 0.126169
181 41 0.129049
181 42 0.131936
181 43 0.134783
181 44 0.137638
181 45 0.140452
181 46 0.143274
181 47 0.146054
181 48 0.148844
181 49 0.151592
181 50 0.154349
182 1 0.003127
182 2 0.006253
182 3 0.009378
182 4 0.012501
182 5 0.015623
182 6 0.018740
182 7 0.021857
182 8 0.024967
182 9 0.028076
182 10 0.031176
182 11 0.034275
182 12 0.037363
182 13 0.040451
182 14 0.043525
182 15 0.046599
182 16 0.049657
182 17 0.052716
182 18 0.055756
182 19 0.058797
182 20 0.061818
182 21 0.064840
182 22 0.067839
182 23 0.070840
182 24 0.073817
182 25 0.076795
182 26 0.079747
182 27 0.082701
182 28 0.085628
182 29 0.088557
182 30 0.091457
182 31 0.094359
182 32 0.097231
182 33 0.100106
182 34 0.102948
182 35 0.105795
182 36 0.108608
182 37 0.111425
182 38 0.114208
182 39 0.116995
182 40 0.119747
182 41 0.122504
182 42 0.125224
182 43 0.127951
182 44 0.130640
182 45 0.133336
182 46 0.135994
182 47 0.138659
182 48 0.141286
182 49 0.143921
182 50 0.146516
183 1 0.002959
183 2 0.005918
183 3 0.008874
183 4 0.011831
183 5 0.014783
183 6 0.017736
183 7 0.020682
183 8 0.023629
183 9 0.026567
183 10 0.029506
183 11 0.032434
183 12 0.035362
183 13 0.038278
183 14 0.041194
183 15 0.044096
183 16 0.046998
183 17 0.049884
183 18 0.052771
183 19 0.055640
183 20 0.058509
183 21 0.061359
183 22 0.064209
183 23 0.067038
183 24 0.069868
183 25 0.072675
183 26 0.075483
183 27 0.078266
183 28 0.081051
183 29 0.083809
183 30 0.086570
183 31 0.089302
183 32 0.092037
183 33 0.094743
183 34 0.097452
183 35 0.100130
183 36 0.102811
183 37 0.105461
183 38 0.108115
183 39 0.110736
183 40 0.113362
183 41 0.115953
183 42 0.118551
183 43 0.121113
183 44 0.123681
183 45 0.126214
183 46 0.128754
183 47 0.131257
183 48 0.133768
183 49 0.136242
183 50 0.138725
184 1 0.002792
184 2 0.005582
184 3 0.008373
184 4 0.011161
184 5 0.013949
184 6 0.016732
184 7 0.019515
184 8 0.022291
184 9 0.025068
184 10 0.027835
184 11 0.030603
184 12 0.033360
184 13 0.036118
184 14 0.038863
184 15 0.041608
184 16 0.044339
184 17 0.047071
184 18 0.049786
184 19 0.052502
184 20 0.055200
184 21 0.057899
184 22 0.060579
184 23 0.063259
184 24 0.065919
184 25 0.068579
184 26 0.071217
184 27 0.073857
184 28 0.076472
184 29 0.079089
184 30 0.081681
184 31 0.084275
184 32 0.086841
184 33 0.089411
184 34 0.091952
184 35 0.094497
184 36 0.097012
184 37 0.099531
184 38 0.102019
184 39 0.104511
184 40 0.106972
184 41 0.109438
184 42 0.111872
184 43 0.114311
184 44 0.116717
184 45 0.119129
184 46 0.121507
184 47 0.123892
184 48 0.126243
184 49 0.128601
184 50 0.130924
185 1 0.002625
185 2 0.005249
185 3 0.007872
185 4 0.010495
185 5 0.013115
185 6 0.015734
185 7 0.018348
185 8 0.020962
185 9 0.023568
185 10 0.026175
185 11 0.028773
185 12 0.031371
185 13 0.033958
185 14 0.036546
185 15 0.039120
185 16 0.041696
185 17 0.044257
185 18 0.046818
185 19 0.049364
185 20 0.051911
185 21 0.054439
185 22 0.056969
185 23 0.059480
185 24 0.061992
185 25 0.064483
185 26 0.066976
185 27 0.069446
185 28 0.071919
185 29 0.074368
185 30 0.076819
185 31 0.079245
185 32 0.081674
185 33 0.084077
185 34 0.086482
185 35 0.088861
185 36 0.091243
185 37 0.093597
185 38 0.095955
185 39 0.098283
185 40 0.100616
185 41 0.102919
185 42 0.105227
185 43 0.107504
185 44 0.109787
185 45 0.112038
185 46 0.114296
185 47 0.116521
185 48 0.118754
185 49 0.120953
185 50 0.123161
186 1 0.002459
186 2 0.004916
186 3 0.007374
186 4 0.009829
186 5 0.012285
186 6 0.014736
186 7 0.017187
186 8 0.019632
186 9 0.022077
186 10 0.024515
186 11 0.026953
186 12 0.029381
186 13 0.031810
186 14 0.034228
186 15 0.036646
186 16 0.039052
186 17 0.041458
186 18 0.043850
186 19 0.046243
186 20 0.048620
186 21 0.050998
186 22 0.053359
186 23 0.055721
186 24 0.058064
186 25 0.060409
186 26 0.062733
186 27 0.065059
186 28 0.067364
186 29 0.069671
186 30 0.071955
186 31 0.074242
186 32 0.076504
186 33 0.078770
186 34 0.081010
186 35 0.083254
186 36 0.085471
186 37 0.087693
186 38 0.089887
186 39 0.092085
186 40 0.094255
186 41 0.096431
186 42 0.098577
186 43 0.100729
186 44 0.102852
186 45 0.104980
186 46 0.107078
186 47 0.109183
186 48 0.111257
186 49 0.113339
186 50 0.115390
187 1 0.002293
187 2 0.004585
187 3 0.006876
187 4 0.009167
187 5 0.011455
187 6 0.013743
187 7 0.016026
187 8 0.018309
187 9 0.020586
187 10 0.022864
187 11 0.025133
187 12 0.027402
187 13 0.029662
187 14 0.031923
187 15 0.034172
187 16 0.036422
187 17 0.038659
187 18 0.040898
187 19 0.043122
187 20 0.045347
187 21 0.047556
187 22 0.049767
187 23 0.051961
187 24 0.054156
187 25 0.056333
187 26 0.058512
187 27 0.060671
187 28 0.062832
187 29 0.064973
187 30 0.067115
187 31 0.069236
187 32 0.071360
187 33 0.073460
187 34 0.075564
187 35 0.077644
187 36 0.079727
187 37 0.081785
187 38 0.083847
187 39 0.085883
187 40 0.087924
187 41 0.089938
187 42 0.091958
187 43 0.093949
187 44 0.095947
187 45 0.097916
187 46 0.099892
187 47 0.101839
187 48 0.103793
187 49 0.105718
187 50 0.107651
188 1 0.002127
188 2 0.004254
188 3 0.006381
188 4 0.008505
188 5 0.010629
188 6 0.012750
188 7 0.014871
188 8 0.016987
188 9 0.019103
188 10 0.021212
188 11 0.023322
188 12 0.025423
188 13 0.027525
188 14 0.029617
188 15 0.031710
188 16 0.033792
188 17 0.035874
188 18 0.037944
188 19 0.040015
188 20 0.042073
188 21 0.044131
188 22 0.046174
188 23 0.048219
188 24 0.050247
188 25 0.052277
188 26 0.054289
188 27 0.056303
188 28 0.058299
188 29 0.060296
188 30 0.062274
188 31 0.064254
188 32 0.066213
188 33 0.068175
188 34 0.070115
188 35 0.072059
188 36 0.073979
188 37 0.075903
188 38 0.077804
188 39 0.079709
188 40 0.081589
188 41 0.083474
188 42 0.085333
188 43 0.087198
188 44 0.089037
188 45 0.090882
188 46 0.092700
188 47 0.094525
188 48 0.096323
188 49 0.098128
188 50 0.099905
189 1 0.001962
189 2 0.003924
189 3 0.005885
189 4 0.007846
189 5 0.009804
189 6 0.011762
189 7 0.013716
189 8 0.015670
189 9 0.017619
189 10 0.019568
189 11 0.021510
189 12 0.023453
189 13 0.025387
189 14 0.027322
189 15 0.029247
189 16 0.031173
189 17 0.033089
189 18 0.035005
189 19 0.036908
189 20 0.038813
189 21 0.040705
189 22 0.042598
189 23 0.044476
189 24 0.046356
189 25 0.048220
189 26 0.050085
189 27 0.051934
189 28 0.053785
189 29 0.055618
189 30 0.057453
189 31 0.059269
189 32 0.061088
189 33 0.062887
189 34 0.064689
189 35 0.066471
189 36 0.068255
189 37 0.070019
189 38 0.071785
189 39 0.073530
189 40 0.075279
189 41 0.077005
189 42 0.078735
189 43 0.080442
189 44 0.082154
189 45 0.083842
189 46 0.085536
189 47 0.087205
189 48 0.088880
189 49 0.090530
189 50 0.092187
190 1 0.001798
190 2 0.003594
190 3 0.005391
190 4 0.007186
190 5 0.008982
190 6 0.010774
190 7 0.012566
190 8 0.014353
190 9 0.016141
190 10 0.017924
190 11 0.019706
190 12 0.021482
190 13 0.023258
190 14 0.025027
190 15 0.026795
190 16 0.028555
190 17 0.030315
190 18 0.032064
190 19 0.033815
190 20 0.035553
190 21 0.037293
190 22 0.039020
190 23 0.040748
190 24 0.042463
190 25 0.044179
190 26 0.045880
190 27 0.047582
190 28 0.049269
190 29 0.050958
190 30 0.052630
190 31 0.054304
190 32 0.055961
190 33 0.057620
190 34 0.059261
190 35 0.060904
190 36 0.062529
190 37 0.064156
190 38 0.065764
190 39 0.067375
190 40 0.068965
190 41 0.070560
190 42 0.072133
190 43 0.073711
190 44 0.075267
190 45 0.076827
190 46 0.078366
190 47 0.079910
190 48 0.081432
190 49 0.082959
190 50 0.084463
191 1 0.001633
191 2 0.003266
191 3 0.004898
191 4 0.006530
191 5 0.008159
191 6 0.009789
191 7 0.011415
191 8 0.013042
191 9 0.014664
191 10 0.016286
191 11 0.017903
191 12 0.019519
191 13 0.021129
191 14 0.022740
191 15 0.024343
191 16 0.025946
191 17 0.027540
191 18 0.029135
191 19 0.030720
191 20 0.032306
191 21 0.033880
191 22 0.035456
191 23 0.037020
191 24 0.038585
191 25 0.040137
191 26 0.041690
191 27 0.043230
191 28 0.044771
191 29 0.046297
191 30 0.047825
191 31 0.049338
191 32 0.050852
191 33 0.052351
191 34 0.053852
191 35 0.055336
191 36 0.056822
191 37 0.058291
191 38 0.059763
191 39 0.061216
191 40 0.062673
191 41 0.064111
191 42 0.065553
191 43 0.066975
191 44 0.068402
191 45 0.069808
191 46 0.071220
191 47 0.072610
191 48 0.074007
191 49 0.075382
191 50 0.076763
192 1 0.001469
192 2 0.002937
192 3 0.004406
192 4 0.005873
192 5 0.007340
192 6 0.008804
192 7 0.010269
192 8 0.011730
192 9 0.013191
192 10 0.014648
192 11 0.016105
192 12 0.017556
192 13 0.019008
192 14 0.020453
192 15 0.021899
192 16 0.023337
192 17 0.024775
192 18 0.026205
192 19 0.027636
192 20 0.029057
192 21 0.030480
192 22 0.031891
192 23 0.033304
192 24 0.034706
192 25 0.036108
192 26 0.037499
192 27 0.038891
192 28 0.040270
192 29 0.041651
192 30 0.043018
192 31 0.044387
192 32 0.045742
192 33 0.047099
192 34 0.048440
192 35 0.049785
192 36 0.051113
192 37 0.052444
192 38 0.053759
192 39 0.055077
192 40 0.056378
192 41 0.057682
192 42 0.058969
192 43 0.060260
192 44 0.061533
192 45 0.062810
192 46 0.064068
192 47 0.065332
192 48 0.066577
192 49 0.067827
192 50 0.069058
193 1 0.001305
193 2 0.002610
193 3 0.003914
193 4 0.005218
193 5 0.006521
193 6 0.007823
193 7 0.009123
193 8 0.010423
193 9 0.011719
193 10 0.013015
193 11 0.014307
193 12 0.015600
193 13 0.016886
193 14 0.018174
193 15 0.019454
193 16 0.020736
193 17 0.022010
193 18 0.023285
193 19 0.024552
193 20 0.025819
193 21 0.027078
193 22 0.028338
193 23 0.029588
193 24 0.030839
193 25 0.032079
193 26 0.033321
193 27 0.034552
193 28 0.035784
193 29 0.037004
193 30 0.038226
193 31 0.039435
193 32 0.040647
193 33 0.041845
193 34 0.043045
193 35 0.044231
193 36 0.045420
193 37 0.046595
193 38 0.047772
193 39 0.048934
193 40 0.050100
193 41 0.051250
193 42 0.052403
193 43 0.053541
193 44 0.054682
193 45 0.055807
193 46 0.056936
193 47 0.058049
193 48 0.059166
193 49 0.060267
193 50 0.061372
194 1 0.001141
194 2 0.002283
194 3 0.003424
194 4 0.004564
194 5 0.005704
194 6 0.006842
194 7 0.007980
194 8 0.009115
194 9 0.010251
194 10 0.011383
194 11 0.012515
194 12 0.013643
194 13 0.014771
194 14 0.015894
194 15 0.017017
194 16 0.018135
194 17 0.019253
194 18 0.020364
194 19 0.021476
194 20 0.022581
194 21 0.023686
194 22 0.024783
194 23 0.025881
194 24 0.026971
194 25 0.028061
194 26 0.029142
194 27 0.030224
194 28 0.031296
194 29 0.032370
194 30 0.033432
194 31 0.034497
194 32 0.035550
194 33 0.036604
194 34 0.037648
194 35 0.038693
194 36 0.039725
194 37 0.040760
194 38 0.041783
194 39 0.042807
194 40 0.043819
194 41 0.044833
194 42 0.045834
194 43 0.046838
194 44 0.047828
194 45 0.048821
194 46 0.049800
194 47 0.050783
194 48 0.051751
194 49 0.052724
194 50 0.053681
195 1 0.000978
195 2 0.001956
195 3 0.002933
195 4 0.003911
195 5 0.004887
195 6 0.005863
195 7 0.006837
195 8 0.007811
195 9 0.008782
195 10 0.009754
195 11 0.010722
195 12 0.011690
195 13 0.012655
195 14 0.013619
195 15 0.014579
195 16 0.015540
195 17 0.016495
195 18 0.017450
195 19 0.018400
195 20 0.019350
195 21 0.020293
195 22 0.021237
195 23 0.022174
195 24 0.023112
195 25 0.024042
195 26 0.024973
195 27 0.025895
195 28 0.026819
195 29 0.027734
195 30 0.028650
195 31 0.029556
195 32 0.030464
195 33 0.031363
195 34 0.032262
195 35 0.033152
195 36 0.034043
195 37 0.034924
195 38 0.035807
195 39 0.036678
195 40 0.037552
195 41 0.038415
195 42 0.039280
195 43 0.040133
195 44 0.040989
195 45 0.041833
195 46 0.042679
195 47 0.043514
195 48 0.044352
195 49 0.045177
195 50 0.046006
196 1 0.000815
196 2 0.001629
196 3 0.002444
196 4 0.003257
196 5 0.004071
196 6 0.004883
196 7 0.005696
196 8 0.006506
196 9 0.007317
196 10 0.008125
196 11 0.008933
196 12 0.009738
196 13 0.010543
196 14 0.011345
196 15 0.012147
196 16 0.012945
196 17 0.013743
196 18 0.014536
196 19 0.015330
196 20 0.016119
196 21 0.016908
196 22 0.017691
196 23 0.018475
196 24 0.019253
196 25 0.020031
196 26 0.020803
196 27 0.021575
196 28 0.022341
196 29 0.023107
196 30 0.023866
196 31 0.024626
196 32 0.025378
196 33 0.026131
196 34 0.026876
196 35 0.027622
196 36 0.028360
196 37 0.029099
196 38 0.029829
196 39 0.030561
196 40 0.031283
196 41 0.032008
196 42 0.032723
196 43 0.033440
196 44 0.034147
196 45 0.034856
196 46 0.035555
196 47 0.036257
196 48 0.036949
196 49 0.037644
196 50 0.038328
197 1 0.000652
197 2 0.001303
197 3 0.001954
197 4 0.002606
197 5 0.003256
197 6 0.003906
197 7 0.004555
197 8 0.005204
197 9 0.005851
197 10 0.006499
197 11 0.007144
197 12 0.007789
197 13 0.008432
197 14 0.009075
197 15 0.009714
197 16 0.010354
197 17 0.010990
197 18 0.011627
197 19 0.012260
197 20 0.012893
197 21 0.013522
197 22 0.014151
197 23 0.014775
197 24 0.015400
197 25 0.016020
197 26 0.016640
197 27 0.017255
197 28 0.017870
197 29 0.018480
197 30 0.019090
197 31 0.019695
197 32 0.020300
197 33 0.020899
197 34 0.021498
197 35 0.022091
197 36 0.022685
197 37 0.023272
197 38 0.023861
197 39 0.024442
197 40 0.025024
197 41 0.025599
197 42 0.026176
197 43 0.026744
197 44 0.027315
197 45 0.027877
197 46 0.028442
197 47 0.028998
197 48 0.029557
197 49 0.030107
197 50 0.030660
198 1 0.000489
198 2 0.000977
198 3 0.001466
198 4 0.001954
198 5 0.002442
198 6 0.002929
198 7 0.003416
198 8 0.003902
198 9 0.004388
198 10 0.004873
198 11 0.005357
198 12 0.005840
198 13 0.006323
198 14 0.006804
198 15 0.007285
198 16 0.007763
198 17 0.008242
198 18 0.008718
198 19 0.009194
198 20 0.009667
198 21 0.010140
198 22 0.010610
198 23 0.011080
198 24 0.011547
198 25 0.012014
198 26 0.012477
198 27 0.012940
198 28 0.013399
198 29 0.013859
198 30 0.014314
198 31 0.014770
198 32 0.015221
198 33 0.015673
198 34 0.016120
198 35 0.016567
198 36 0.017010
198 37 0.017453
198 38 0.017891
198 39 0.018330
198 40 0.018764
198 41 0.019198
198 42 0.019627
198 43 0.020057
198 44 0.020481
198 45 0.020907
198 46 0.021327
198 47 0.021748
198 48 0.022163
198 49 0.022580
198 50 0.022990
199 1 0.000326
199 2 0.000651
199 3 0.000977
199 4 0.001302
199 5 0.001627
199 6 0.001952
199 7 0.002277
199 8 0.002601
199 9 0.002925
199 10 0.003248
199 11 0.003571
199 12 0.003893
199 13 0.004214
199 14 0.004536
199 15 0.004855
199 16 0.005175
199 17 0.005493
199 18 0.005812
199 19 0.006128
199 20 0.006444
199 21 0.006759
199 22 0.007073
199 23 0.007385
199 24 0.007698
199 25 0.008007
199 26 0.008317
199 27 0.008625
199 28 0.008932
199 29 0.009237
199 30 0.009542
199 31 0.009844
199 32 0.010147
199 33 0.010446
199 34 0.010746
199 35 0.011043
199 36 0.011340
199 37 0.011633
199 38 0.011927
199 39 0.012218
199 40 0.012509
199 41 0.012796
199 42 0.013085
199 43 0.013369
199 44 0.013654
199 45 0.013935
199 46 0.014218
199 47 0.014496
199 48 0.014775
199 49 0.015050
199 50 0.015327
200 1 0.000163
200 2 0.000326
200 3 0.000488
200 4 0.000651
200 5 0.000814
200 6 0.000976
200 7 0.001138
200 8 0.001300
200 9 0.001462
200 10 0.001624
200 11 0.001785
200 12 0.001946
200 13 0.002107
200 14 0.002267
200 15 0.002428
200 16 0.002587
200 17 0.002747
200 18 0.002905
200 19 0.003064
200 20 0.003222
200 21 0.003379
200 22 0.003536
200 23 0.003693
200 24 0.003848
200 25 0.004004
200 26 0.004158
200 27 0.004312
200 28 0.004465
200 29 0.004619
200 30 0.004770
200 31 0.004922
200 32 0.005073
200 33 0.005223
200 34 0.005372
200 35 0.005521
200 36 0.005669
200 37 0.005817
200 38 0.005963
200 39 0.006109
200 40 0.006253
200 41 0.006398
200 42 0.006541
200 43 0.006685
200 44 0.006826
200 45 0.006968
200 46 0.007108
200 47 0.007248
200 48 0.007387
200 49 0.007525
200 50 0.007662
