101 1 0.022324
101 2 0.044654
101 3 0.066990
101 4 0.089344
101 5 0.111709
101 6 0.134104
101 7 0.156516
101 8 0.178968
101 9 0.201441
101 10 0.223964
101 11 0.246511
101 12 0.269116
101 13 0.291747
101 14 0.314443
101 15 0.337164
101 16 0.359953
101 17 0.382765
101 18 0.405646
101 19 0.428542
101 20 0.451505
101 21 0.474472
101 22 0.497496
101 23 0.520509
101 24 0.543566
101 25 0.566588
101 26 0.589632
101 27 0.612610
101 28 0.635579
101 29 0.658443
101 30 0.681258
101 31 0.703914
101 32 0.726470
101 33 0.748804
101 34 0.770972
101 35 0.792842
101 36 0.814468
101 37 0.835706
101 38 0.856609
101 39 0.877023
101 40 0.897002
101 41 0.916384
101 42 0.935223
101 43 0.953355
101 44 0.970840
101 45 0.987511
101 46 1.003440
101 47 1.018464
101 48 1.032672
101 49 1.045909
101 50 1.058282
101 51 1.069651
101 52 1.080146
101 53 1.089640
101 54 1.098287
101 55 1.105974
101 56 1.112876
101 57 1.118893
101 58 1.124216
101 59 1.128750
101 60 1.132703
101 61 1.135981
101 62 1.138798
101 63 1.141058
101 64 1.142981
101 65 1.144463
101 66 1.145723
101 67 1.146652
101 68 1.147466
101 69 1.148046
101 70 1.148605
101 71 1.149015
101 72 1.149486
101 73 1.149878
101 74 1.150401
101 75 1.150904
101 76 1.151595
101 77 1.152314
101 78 1.153267
101 79 1.154289
101 80 1.155582
101 81 1.156975
101 82 1.158668
101 83 1.160487
101 84 1.162629
101 85 1.164916
101 86 1.167546
101 87 1.170334
101 88 1.173479
101 89 1.176794
101 90 1.180476
101 91 1.184336
101 92 1.188571
101 93 1.192988
101 94 1.197784
101 95 1.202767
101 96 1.208130
101 97 1.213680
101 98 1.219610
101 99 1.225725
101 100 1.232218
102 1 0.022026
102 2 0.044054
102 3 0.066093
102 4 0.088139
102 5 0.110206
102 6 0.132283
102 7 0.154392
102 8 0.176514
102 9 0.198677
102 10 0.220855
102 11 0.243081
102 12 0.265325
102 13 0.287622
102 14 0.309935
102 15 0.332305
102 16 0.354689
102 17 0.377130
102 18 0.399578
102 19 0.422081
102 20 0.444581
102 21 0.467130
102 22 0.489660
102 23 0.512226
102 24 0.534754
102 25 0.557299
102 26 0.579778
102 27 0.602248
102 28 0.624617
102 29 0.646942
102 30 0.669121
102 31 0.691211
102 32 0.713100
102 33 0.734844
102 34 0.756321
102 35 0.777587
102 36 0.798507
102 37 0.819139
102 38 0.839337
102 39 0.859161
102 40 0.878456
102 41 0.897284
102 42 0.915485
102 43 0.933125
102 44 0.950041
102 45 0.966309
102 46 0.981768
102 47 0.996504
102 48 1.010363
102 49 1.023447
102 50 1.035610
102 51 1.046975
102 52 1.057407
102 53 1.067048
102 54 1.075776
102 55 1.083753
102 56 1.090867
102 57 1.097298
102 58 1.102942
102 59 1.107993
102 60 1.112350
102 61 1.116218
102 62 1.119495
102 63 1.122392
102 64 1.124805
102 65 1.126947
102 66 1.128706
102 67 1.130298
102 68 1.131602
102 69 1.132833
102 70 1.133860
102 71 1.134897
102 72 1.135805
102 73 1.136793
102 74 1.137716
102 75 1.138780
102 76 1.139832
102 77 1.141075
102 78 1.142349
102 79 1.143857
102 80 1.145431
102 81 1.147273
102 82 1.149210
102 83 1.151442
102 84 1.153792
102 85 1.156459
102 86 1.159262
102 87 1.162399
102 88 1.165686
102 89 1.169320
102 90 1.173115
102 91 1.177267
102 92 1.181587
102 93 1.186271
102 94 1.191128
102 95 1.196354
102 96 1.201755
102 97 1.207526
102 98 1.213474
102 99 1.219790
102 100 1.226281
103 1 0.021723
103 2 0.043450
103 3 0.065181
103 4 0.086926
103 5 0.108677
103 6 0.130450
103 7 0.152233
103 8 0.174046
103 9 0.195870
103 10 0.217731
103 11 0.239603
103 12 0.261518
103 13 0.283442
103 14 0.305413
103 15 0.327390
103 16 0.349414
103 17 0.371439
103 18 0.393509
103 19 0.415569
103 20 0.437669
103 21 0.459746
103 22 0.481852
103 23 0.503917
103 24 0.525994
103 25 0.548006
103 26 0.570008
103 27 0.591913
103 28 0.613779
103 29 0.635507
103 30 0.657159
103 31 0.678624
103 32 0.699965
103 33 0.721062
103 34 0.741977
103 35 0.762581
103 36 0.782936
103 37 0.802904
103 38 0.822548
103 39 0.841722
103 40 0.860491
103 41 0.878702
103 42 0.896425
103 43 0.913503
103 44 0.930013
103 45 0.945799
103 46 0.960945
103 47 0.975299
103 48 0.988959
103 49 1.001779
103 50 1.013873
103 51 1.025101
103 52 1.035599
103 53 1.045234
103 54 1.054160
103 55 1.062255
103 56 1.069689
103 57 1.076347
103 58 1.082415
103 59 1.087781
103 60 1.092643
103 61 1.096893
103 62 1.100733
103 63 1.104054
103 64 1.107066
103 65 1.109653
103 66 1.112028
103 67 1.114068
103 68 1.115986
103 69 1.117654
103 70 1.119283
103 71 1.120736
103 72 1.122223
103 73 1.123599
103 74 1.125073
103 75 1.126492
103 76 1.128063
103 77 1.129626
103 78 1.131386
103 79 1.133177
103 80 1.135203
103 81 1.137293
103 82 1.139649
103 83 1.142095
103 84 1.144832
103 85 1.147680
103 86 1.150839
103 87 1.154127
103 88 1.157741
103 89 1.161497
103 90 1.165593
103 91 1.169840
103 92 1.174437
103 93 1.179191
103 94 1.184302
103 95 1.189575
103 96 1.195208
103 97 1.201007
103 98 1.207166
103 99 1.213492
103 100 1.220177
104 1 0.021418
104 2 0.042837
104 3 0.064264
104 4 0.085694
104 5 0.107140
104 6 0.128591
104 7 0.150065
104 8 0.171544
104 9 0.193052
104 10 0.214566
104 11 0.236114
104 12 0.257666
104 13 0.279255
104 14 0.300844
104 15 0.322472
104 16 0.344094
104 17 0.365753
104 18 0.387397
104 19 0.409074
104 20 0.430723
104 21 0.452396
104 22 0.474024
104 23 0.495662
104 24 0.517234
104 25 0.538796
104 26 0.560264
104 27 0.581696
104 28 0.603000
104 29 0.624235
104 30 0.645299
104 31 0.666253
104 32 0.686985
104 33 0.707558
104 34 0.727850
104 35 0.747925
104 36 0.767654
104 37 0.787100
104 38 0.806126
104 39 0.824799
104 40 0.842974
104 41 0.860723
104 42 0.877896
104 43 0.894570
104 44 0.910593
104 45 0.926051
104 46 0.940793
104 47 0.954916
104 48 0.968271
104 49 0.980970
104 50 0.992870
104 51 1.004097
104 52 1.014517
104 53 1.024273
104 54 1.033236
104 55 1.041566
104 56 1.049143
104 57 1.056139
104 58 1.062440
104 59 1.068231
104 60 1.073398
104 61 1.078137
104 62 1.082334
104 63 1.086191
104 64 1.089592
104 65 1.092742
104 66 1.095519
104 67 1.098132
104 68 1.100454
104 69 1.102692
104 70 1.104711
104 71 1.106721
104 72 1.108578
104 73 1.110491
104 74 1.112308
104 75 1.114238
104 76 1.116123
104 77 1.118168
104 78 1.120209
104 79 1.122453
104 80 1.124729
104 81 1.127240
104 82 1.129813
104 83 1.132651
104 84 1.135574
104 85 1.138785
104 86 1.142101
104 87 1.145724
104 88 1.149467
104 89 1.153532
104 90 1.157731
104 91 1.162263
104 92 1.166938
104 93 1.171955
104 94 1.177121
104 95 1.182636
104 96 1.188305
104 97 1.194325
104 98 1.200503
104 99 1.207032
104 100 1.213719
105 1 0.021109
105 2 0.042222
105 3 0.063335
105 4 0.084459
105 5 0.105584
105 6 0.126727
105 7 0.147870
105 8 0.169037
105 9 0.190204
105 10 0.211397
105 11 0.232590
105 12 0.253813
105 13 0.275030
105 14 0.296279
105 15 0.317517
105 16 0.338785
105 17 0.360033
105 18 0.381308
105 19 0.402551
105 20 0.423813
105 21 0.445029
105 22 0.466252
105 23 0.487408
105 24 0.508554
105 25 0.529609
105 26 0.550632
105 27 0.571532
105 28 0.592372
105 29 0.613052
105 30 0.633636
105 31 0.654016
105 32 0.674257
105 33 0.694242
105 34 0.714038
105 35 0.733520
105 36 0.752757
105 37 0.771615
105 38 0.790165
105 39 0.808268
105 40 0.825998
105 41 0.843210
105 42 0.859984
105 43 0.876172
105 44 0.891861
105 45 0.906900
105 46 0.921388
105 47 0.935176
105 48 0.948372
105 49 0.960831
105 50 0.972676
105 51 0.983767
105 52 0.994242
105 53 1.003965
105 54 1.013091
105 55 1.021489
105 56 1.029327
105 57 1.036481
105 58 1.043130
105 59 1.049153
105 60 1.054740
105 61 1.059769
105 62 1.064439
105 63 1.068627
105 64 1.072535
105 65 1.076040
105 66 1.079346
105 67 1.082323
105 68 1.085179
105 69 1.087778
105 70 1.090328
105 71 1.092686
105 72 1.095060
105 73 1.097302
105 74 1.099617
105 75 1.101851
105 76 1.104210
105 77 1.106532
105 78 1.109022
105 79 1.111513
105 80 1.114210
105 81 1.116940
105 82 1.119907
105 83 1.122934
105 84 1.126224
105 85 1.129596
105 86 1.133253
105 87 1.137010
105 88 1.141069
105 89 1.145244
105 90 1.149735
105 91 1.154352
105 92 1.159297
105 93 1.164377
105 94 1.169793
105 95 1.175351
105 96 1.181250
105 97 1.187297
105 98 1.193686
105 99 1.200225
105 100 1.207108
106 1 0.020800
106 2 0.041600
106 3 0.062405
106 4 0.083211
106 5 0.104027
106 6 0.124843
106 7 0.145675
106 8 0.166505
106 9 0.187356
106 10 0.208201
106 11 0.229070
106 12 0.249930
106 13 0.270814
106 14 0.291684
106 15 0.312577
106 16 0.333448
106 17 0.354339
106 18 0.375197
106 19 0.396068
106 20 0.416892
106 21 0.437720
106 22 0.458482
106 23 0.479233
106 24 0.499896
106 25 0.520529
106 26 0.541047
106 27 0.561510
106 28 0.581824
106 29 0.602052
106 30 0.622092
106 31 0.642010
106 32 0.661694
106 33 0.681212
106 34 0.700445
106 35 0.719463
106 36 0.738138
106 37 0.756544
106 38 0.774546
106 39 0.792221
106 40 0.809429
106 41 0.826252
106 42 0.842545
106 43 0.858395
106 44 0.873658
106 45 0.888428
106 46 0.902560
106 47 0.916159
106 48 0.929080
106 49 0.941443
106 50 0.953104
106 51 0.964195
106 52 0.974580
106 53 0.984402
106 54 0.993531
106 55 1.002122
106 56 1.010050
106 57 1.017483
106 58 1.024296
106 59 1.030671
106 60 1.036484
106 61 1.041924
106 62 1.046867
106 63 1.051508
106 64 1.055722
106 65 1.059708
106 66 1.063336
106 67 1.066810
106 68 1.069993
106 69 1.073092
106 70 1.075964
106 71 1.078816
106 72 1.081500
106 73 1.084223
106 74 1.086829
106 75 1.089526
106 76 1.092153
106 77 1.094917
106 78 1.097651
106 79 1.100560
106 80 1.103474
106 81 1.106597
106 82 1.109755
106 83 1.113150
106 84 1.116604
106 85 1.120320
106 86 1.124116
106 87 1.128193
106 88 1.132367
106 89 1.136838
106 90 1.141420
106 91 1.146314
106 92 1.151328
106 93 1.156664
106 94 1.162131
106 95 1.167926
106 96 1.173858
106 97 1.180123
106 98 1.186530
106 99 1.193273
106 100 1.200159
107 1 0.020488
107 2 0.040978
107 3 0.061467
107 4 0.081963
107 5 0.102456
107 6 0.122962
107 7 0.143462
107 8 0.163978
107 9 0.184486
107 10 0.205012
107 11 0.225526
107 12 0.246059
107 13 0.266574
107 14 0.287108
107 15 0.307617
107 16 0.328140
107 17 0.348629
107 18 0.369127
107 19 0.389577
107 20 0.410028
107 21 0.430415
107 22 0.450790
107 23 0.471079
107 24 0.491341
107 25 0.511493
107 26 0.531595
107 27 0.551558
107 28 0.571445
107 29 0.591157
107 30 0.610761
107 31 0.630150
107 32 0.649392
107 33 0.668375
107 34 0.687168
107 35 0.705650
107 36 0.723895
107 37 0.741774
107 38 0.759365
107 39 0.776534
107 40 0.793362
107 41 0.809710
107 42 0.825667
107 43 0.841089
107 44 0.856073
107 45 0.870473
107 46 0.884394
107 47 0.897693
107 48 0.910483
107 49 0.922624
107 50 0.934241
107 51 0.945194
107 52 0.955624
107 53 0.965394
107 54 0.974655
107 55 0.983276
107 56 0.991419
107 57 0.998955
107 58 1.006058
107 59 1.012599
107 60 1.018763
107 61 1.024420
107 62 1.029762
107 63 1.034658
107 64 1.039305
107 65 1.043570
107 66 1.047654
107 67 1.051419
107 68 1.055069
107 69 1.058461
107 70 1.061801
107 71 1.064941
107 72 1.068085
107 73 1.071082
107 74 1.074137
107 75 1.077091
107 76 1.080150
107 77 1.083150
107 78 1.086295
107 79 1.089417
107 80 1.092722
107 81 1.096034
107 82 1.099560
107 83 1.103120
107 84 1.106919
107 85 1.110776
107 86 1.114894
107 87 1.119090
107 88 1.123564
107 89 1.128132
107 90 1.132994
107 91 1.137963
107 92 1.143238
107 93 1.148630
107 94 1.154339
107 95 1.160173
107 96 1.166330
107 97 1.172619
107 98 1.179236
107 99 1.185988
107 100 1.193071
108 1 0.020176
108 2 0.040351
108 3 0.060530
108 4 0.080706
108 5 0.100890
108 6 0.121067
108 7 0.141255
108 8 0.161434
108 9 0.181626
108 10 0.201805
108 11 0.221997
108 12 0.242170
108 13 0.262357
108 14 0.282516
108 15 0.302687
108 16 0.322821
108 17 0.342961
108 18 0.363053
108 19 0.383144
108 20 0.403171
108 21 0.423185
108 22 0.443118
108 23 0.463024
108 24 0.482826
108 25 0.502582
108 26 0.522208
108 27 0.541765
108 28 0.561159
108 29 0.580458
108 30 0.599558
108 31 0.618528
108 32 0.637260
108 33 0.655824
108 34 0.674105
108 35 0.692177
108 36 0.709915
108 37 0.727400
108 38 0.744501
108 39 0.761300
108 40 0.777664
108 41 0.793679
108 42 0.809208
108 43 0.824346
108 44 0.838950
108 45 0.853125
108 46 0.866726
108 47 0.879868
108 48 0.892407
108 49 0.904467
108 50 0.915906
108 51 0.926860
108 52 0.937190
108 53 0.947041
108 54 0.956278
108 55 0.965059
108 56 0.973249
108 57 0.981017
108 58 0.988230
108 59 0.995066
108 60 1.001393
108 61 1.007396
108 62 1.012942
108 63 1.018224
108 64 1.023107
108 65 1.027786
108 66 1.032123
108 67 1.036319
108 68 1.040232
108 69 1.044063
108 70 1.047665
108 71 1.051242
108 72 1.054642
108 73 1.058070
108 74 1.061367
108 75 1.064740
108 76 1.068025
108 77 1.071427
108 78 1.074779
108 79 1.078286
108 80 1.081776
108 81 1.085453
108 82 1.089142
108 83 1.093047
108 84 1.096988
108 85 1.101169
108 86 1.105407
108 87 1.109905
108 88 1.114479
108 89 1.119330
108 90 1.124271
108 91 1.129505
108 92 1.134840
108 93 1.140479
108 94 1.146231
108 95 1.152296
108 96 1.158481
108 97 1.164985
108 98 1.171616
108 99 1.178570
108 100 1.185656
109 1 0.019863
109 2 0.039727
109 3 0.059588
109 4 0.079454
109 5 0.099314
109 6 0.119180
109 7 0.139037
109 8 0.158903
109 9 0.178754
109 10 0.198615
109 11 0.218455
109 12 0.238305
109 13 0.258127
109 14 0.277956
109 15 0.297749
109 16 0.317545
109 17 0.337292
109 18 0.357036
109 19 0.376717
109 20 0.396387
109 21 0.415976
109 22 0.435541
109 23 0.455006
109 24 0.474430
109 25 0.493730
109 26 0.512968
109 27 0.532055
109 28 0.551055
109 29 0.569872
109 30 0.588574
109 31 0.607056
109 32 0.625390
109 33 0.643464
109 34 0.661352
109 35 0.678937
109 36 0.696297
109 37 0.713306
109 38 0.730048
109 39 0.746393
109 40 0.762429
109 41 0.778021
109 42 0.793263
109 43 0.808017
109 44 0.822384
109 45 0.836225
109 46 0.849650
109 47 0.862517
109 48 0.874946
109 49 0.886797
109 50 0.898199
109 51 0.909013
109 52 0.919379
109 53 0.929160
109 54 0.938508
109 55 0.947286
109 56 0.955656
109 57 0.963483
109 58 0.970938
109 59 0.977887
109 60 0.984509
109 61 0.990670
109 62 0.996555
109 63 1.002029
109 64 1.007283
109 65 1.012177
109 66 1.016909
109 67 1.021335
109 68 1.025654
109 69 1.029720
109 70 1.033735
109 71 1.037546
109 72 1.041356
109 73 1.045009
109 74 1.048710
109 75 1.052296
109 76 1.055972
109 77 1.059572
109 78 1.063300
109 79 1.066987
109 80 1.070837
109 81 1.074674
109 82 1.078705
109 83 1.082750
109 84 1.087014
109 85 1.091314
109 86 1.095857
109 87 1.100455
109 88 1.105314
109 89 1.110247
109 90 1.115456
109 91 1.120752
109 92 1.126339
109 93 1.132025
109 94 1.138011
109 95 1.144107
109 96 1.150512
109 97 1.157034
109 98 1.163871
109 99 1.170832
109 100 1.178113
110 1 0.019551
110 2 0.039100
110 3 0.058651
110 4 0.078196
110 5 0.097746
110 6 0.117286
110 7 0.136832
110 8 0.156362
110 9 0.175899
110 10 0.195416
110 11 0.214938
110 12 0.234432
110 13 0.253931
110 14 0.273392
110 15 0.292854
110 16 0.312269
110 17 0.331678
110 18 0.351027
110 19 0.370363
110 20 0.389622
110 21 0.408858
110 22 0.427998
110 23 0.447100
110 24 0.466086
110 25 0.485015
110 26 0.503803
110 27 0.522514
110 28 0.541053
110 29 0.559490
110 30 0.577724
110 31 0.595826
110 32 0.613689
110 33 0.631387
110 34 0.648807
110 35 0.666026
110 36 0.682926
110 37 0.699588
110 38 0.715887
110 39 0.731910
110 40 0.747527
110 41 0.762832
110 42 0.777688
110 43 0.792198
110 44 0.806223
110 45 0.819872
110 46 0.833005
110 47 0.845739
110 48 0.857933
110 49 0.869715
110 50 0.880944
110 51 0.891756
110 52 0.902014
110 53 0.911862
110 54 0.921163
110 55 0.930074
110 56 0.938457
110 57 0.946478
110 58 0.953999
110 59 0.961196
110 60 0.967931
110 61 0.974385
110 62 0.980420
110 63 0.986223
110 64 0.991654
110 65 0.996905
110 66 1.001833
110 67 1.006633
110 68 1.011159
110 69 1.015610
110 70 1.019834
110 71 1.024033
110 72 1.028050
110 73 1.032088
110 74 1.035987
110 75 1.039950
110 76 1.043813
110 77 1.047779
110 78 1.051679
110 79 1.055719
110 80 1.059723
110 81 1.063898
110 82 1.068065
110 83 1.072431
110 84 1.076813
110 85 1.081417
110 86 1.086060
110 87 1.090944
110 88 1.095886
110 89 1.101088
110 90 1.106362
110 91 1.111911
110 92 1.117546
110 93 1.123469
110 94 1.129490
110 95 1.135809
110 96 1.142234
110 97 1.148966
110 98 1.155813
110 99 1.162972
110 100 1.170253
111 1 0.019238
111 2 0.038476
111 3 0.057710
111 4 0.076947
111 5 0.096174
111 6 0.115404
111 7 0.134620
111 8 0.153840
111 9 0.173039
111 10 0.192242
111 11 0.211416
111 12 0.230592
111 13 0.249732
111 14 0.268871
111 15 0.287963
111 16 0.307048
111 17 0.326075
111 18 0.345088
111 19 0.364028
111 20 0.382945
111 21 0.401771
111 22 0.420562
111 23 0.439243
111 24 0.457872
111 25 0.476369
111 26 0.494796
111 27 0.513064
111 28 0.531240
111 29 0.549227
111 30 0.567097
111 31 0.584746
111 32 0.602248
111 33 0.619494
111 34 0.636562
111 35 0.653336
111 36 0.669899
111 37 0.686129
111 38 0.702113
111 39 0.717724
111 40 0.733055
111 41 0.747975
111 42 0.762584
111 43 0.776745
111 44 0.790567
111 45 0.803910
111 46 0.816891
111 47 0.829370
111 48 0.841470
111 49 0.853052
111 50 0.864247
111 51 0.874917
111 52 0.885204
111 53 0.894968
111 54 0.904361
111 55 0.913243
111 56 0.921776
111 57 0.929821
111 58 0.937546
111 59 0.944813
111 60 0.951797
111 61 0.958360
111 62 0.964684
111 63 0.970627
111 64 0.976377
111 65 0.981790
111 66 0.987059
111 67 0.992037
111 68 0.996919
111 69 1.001554
111 70 1.006142
111 71 1.010526
111 72 1.014908
111 73 1.019128
111 74 1.023388
111 75 1.027524
111 76 1.031741
111 77 1.035869
111 78 1.040112
111 79 1.044299
111 80 1.048634
111 81 1.052941
111 82 1.057425
111 83 1.061906
111 84 1.066589
111 85 1.071292
111 86 1.076219
111 87 1.081186
111 88 1.086397
111 89 1.091664
111 90 1.097192
111 91 1.102792
111 92 1.108666
111 93 1.114625
111 94 1.120871
111 95 1.127212
111 96 1.133850
111 97 1.140593
111 98 1.147641
111 99 1.154802
111 100 1.162274
112 1 0.018927
112 2 0.037852
112 3 0.056777
112 4 0.075694
112 5 0.094614
112 6 0.113519
112 7 0.132427
112 8 0.151314
112 9 0.170203
112 10 0.189065
112 11 0.207927
112 12 0.226753
112 13 0.245576
112 14 0.264354
112 15 0.283125
112 16 0.301838
112 17 0.320538
112 18 0.339168
112 19 0.357776
112 20 0.376297
112 21 0.394786
112 22 0.413170
112 23 0.431508
112 24 0.449721
112 25 0.467870
112 26 0.485871
112 27 0.503789
112 28 0.521532
112 29 0.539170
112 30 0.556603
112 31 0.573906
112 32 0.590971
112 33 0.607878
112 34 0.624514
112 35 0.640962
112 36 0.657103
112 37 0.673025
112 38 0.688604
112 39 0.703932
112 40 0.718882
112 41 0.733551
112 42 0.747808
112 43 0.761758
112 44 0.775265
112 45 0.788442
112 46 0.801152
112 47 0.813516
112 48 0.825393
112 49 0.836915
112 50 0.847940
112 51 0.858607
112 52 0.868776
112 53 0.878595
112 54 0.887923
112 55 0.896916
112 56 0.905434
112 57 0.913641
112 58 0.921397
112 59 0.928874
112 60 0.935928
112 61 0.942741
112 62 0.949168
112 63 0.955393
112 64 0.961272
112 65 0.966993
112 66 0.972409
112 67 0.977713
112 68 0.982754
112 69 0.987727
112 70 0.992478
112 71 0.997205
112 72 1.001750
112 73 1.006314
112 74 1.010732
112 75 1.015208
112 76 1.019575
112 77 1.024035
112 78 1.028417
112 79 1.032926
112 80 1.037387
112 81 1.042004
112 82 1.046599
112 83 1.051376
112 84 1.056155
112 85 1.061141
112 86 1.066149
112 87 1.071384
112 88 1.076660
112 89 1.082181
112 90 1.087759
112 91 1.093598
112 92 1.099509
112 93 1.105695
112 94 1.111964
112 95 1.118519
112 96 1.125169
112 97 1.132115
112 98 1.139166
112 99 1.146519
112 100 1.153986
113 1 0.018616
113 2 0.037232
113 3 0.055842
113 4 0.074453
113 5 0.093052
113 6 0.111651
113 7 0.130232
113 8 0.148813
113 9 0.167368
113 10 0.185921
113 11 0.204440
113 12 0.222955
113 13 0.241426
113 14 0.259889
113 15 0.278298
113 16 0.296693
113 17 0.315021
113 18 0.333327
113 19 0.351552
113 20 0.369746
113 21 0.387841
113 22 0.405894
113 23 0.423829
113 24 0.441707
113 25 0.459446
113 26 0.477109
113 27 0.494610
113 28 0.512016
113 29 0.529233
113 30 0.546332
113 31 0.563212
113 32 0.579950
113 33 0.596438
113 34 0.612758
113 35 0.628794
113 36 0.644635
113 37 0.660159
113 38 0.675458
113 39 0.690408
113 40 0.705107
113 41 0.719423
113 42 0.733463
113 43 0.747092
113 44 0.760422
113 45 0.773316
113 46 0.785894
113 47 0.798017
113 48 0.809812
113 49 0.821139
113 50 0.832133
113 51 0.842655
113 52 0.852847
113 53 0.862569
113 54 0.871972
113 55 0.880916
113 56 0.889560
113 57 0.897762
113 58 0.905689
113 59 0.913200
113 60 0.920467
113 61 0.927348
113 62 0.934022
113 63 0.940343
113 64 0.946497
113 65 0.952335
113 66 0.958048
113 67 0.963483
113 68 0.968835
113 69 0.973948
113 70 0.979020
113 71 0.983890
113 72 0.988760
113 73 0.993465
113 74 0.998208
113 75 1.002820
113 76 1.007506
113 77 1.012095
113 78 1.016789
113 79 1.021416
113 80 1.026178
113 81 1.030901
113 82 1.035786
113 83 1.040656
113 84 1.045714
113 85 1.050777
113 86 1.056050
113 87 1.061349
113 88 1.066877
113 89 1.072448
113 90 1.078266
113 91 1.084141
113 92 1.090279
113 93 1.096488
113 94 1.102972
113 95 1.109540
113 96 1.116393
113 97 1.123342
113 98 1.130586
113 99 1.137934
113 100 1.145586
114 1 0.018308
114 2 0.036612
114 3 0.054917
114 4 0.073212
114 5 0.091506
114 6 0.109784
114 7 0.128060
114 8 0.146313
114 9 0.164562
114 10 0.182780
114 11 0.200992
114 12 0.219163
114 13 0.237326
114 14 0.255436
114 15 0.273533
114 16 0.291566
114 17 0.309578
114 18 0.327513
114 19 0.345419
114 20 0.363232
114 21 0.381006
114 22 0.398669
114 23 0.416280
114 24 0.433760
114 25 0.451173
114 26 0.468434
114 27 0.485609
114 28 0.502608
114 29 0.519501
114 30 0.536191
114 31 0.552755
114 32 0.569086
114 33 0.585266
114 34 0.601185
114 35 0.616928
114 36 0.632379
114 37 0.647628
114 38 0.662554
114 39 0.677253
114 40 0.691599
114 41 0.705695
114 42 0.719409
114 43 0.732853
114 44 0.745890
114 45 0.758639
114 46 0.770962
114 47 0.782983
114 48 0.794564
114 49 0.805837
114 50 0.816662
114 51 0.827179
114 52 0.837246
114 53 0.847012
114 54 0.856335
114 55 0.865371
114 56 0.873976
114 57 0.882315
114 58 0.890244
114 59 0.897932
114 60 0.905235
114 61 0.912328
114 62 0.919066
114 63 0.925631
114 64 0.931872
114 65 0.937977
114 66 0.943795
114 67 0.949515
114 68 0.954983
114 69 0.960393
114 70 0.965587
114 71 0.970762
114 72 0.975756
114 73 0.980767
114 74 0.985632
114 75 0.990550
114 76 0.995352
114 77 1.000241
114 78 1.005043
114 79 1.009963
114 80 1.014824
114 81 1.019830
114 82 1.024802
114 83 1.029945
114 84 1.035077
114 85 1.040402
114 86 1.045736
114 87 1.051285
114 88 1.056861
114 89 1.062669
114 90 1.068522
114 91 1.074624
114 92 1.080784
114 93 1.087208
114 94 1.093704
114 95 1.100475
114 96 1.107331
114 97 1.114473
114 98 1.121711
114 99 1.129244
114 100 1.136884
115 1 0.018000
115 2 0.035999
115 3 0.053992
115 4 0.071983
115 5 0.089961
115 6 0.107936
115 7 0.125890
115 8 0.143841
115 9 0.161762
115 10 0.179676
115 11 0.197552
115 12 0.215419
115 13 0.233237
115 14 0.251041
115 15 0.268785
115 16 0.286510
115 17 0.304161
115 18 0.321785
115 19 0.339322
115 20 0.356822
115 21 0.374218
115 22 0.391566
115 23 0.408792
115 24 0.425957
115 25 0.442979
115 26 0.459924
115 27 0.476705
115 28 0.493391
115 29 0.509888
115 30 0.526270
115 31 0.542438
115 32 0.558470
115 33 0.574260
115 34 0.589892
115 35 0.605253
115 36 0.620433
115 37 0.635313
115 38 0.649990
115 39 0.664339
115 40 0.678461
115 41 0.692230
115 42 0.705752
115 43 0.718897
115 44 0.731777
115 45 0.744260
115 46 0.756466
115 47 0.768258
115 48 0.779765
115 49 0.790848
115 50 0.801644
115 51 0.812012
115 52 0.822096
115 53 0.831754
115 54 0.841139
115 55 0.850107
115 56 0.858818
115 57 0.867127
115 58 0.875200
115 59 0.882893
115 60 0.890377
115 61 0.897504
115 62 0.904455
115 63 0.911078
115 64 0.917557
115 65 0.923740
115 66 0.929815
115 67 0.935628
115 68 0.941369
115 69 0.946880
115 70 0.952357
115 71 0.957638
115 72 0.962919
115 73 0.968038
115 74 0.973191
115 75 0.978213
115 76 0.983302
115 77 0.988288
115 78 0.993374
115 79 0.998383
115 80 1.003519
115 81 1.008605
115 82 1.013844
115 83 1.019056
115 84 1.024445
115 85 1.029827
115 86 1.035407
115 87 1.041001
115 88 1.046812
115 89 1.052654
115 90 1.058731
115 91 1.064854
115 92 1.071228
115 93 1.077662
115 94 1.084361
115 95 1.091133
115 96 1.098182
115 97 1.105317
115 98 1.112739
115 99 1.120259
115 100 1.128075
116 1 0.017695
116 2 0.035387
116 3 0.053077
116 4 0.070757
116 5 0.088434
116 6 0.106092
116 7 0.123747
116 8 0.141374
116 9 0.158995
116 10 0.176581
116 11 0.194157
116 12 0.211687
116 13 0.229204
116 14 0.246664
116 15 0.264106
116 16 0.281478
116 17 0.298825
116 18 0.316090
116 19 0.333321
116 20 0.350454
116 21 0.367544
116 22 0.384519
116 23 0.401438
116 24 0.418223
116 25 0.434940
116 26 0.451502
116 27 0.467979
116 28 0.484280
116 29 0.500478
116 30 0.516476
116 31 0.532352
116 32 0.548003
116 33 0.563513
116 34 0.578770
116 35 0.593865
116 36 0.608682
116 37 0.623315
116 38 0.637644
116 39 0.651768
116 40 0.665563
116 41 0.679134
116 42 0.692353
116 43 0.705332
116 44 0.717938
116 45 0.730291
116 46 0.742255
116 47 0.753955
116 48 0.765256
116 49 0.776289
116 50 0.786915
116 51 0.797275
116 52 0.807228
116 53 0.816921
116 54 0.826212
116 55 0.835256
116 56 0.843909
116 57 0.852334
116 58 0.860383
116 59 0.868226
116 60 0.875716
116 61 0.883026
116 62 0.890007
116 63 0.896840
116 64 0.903371
116 65 0.909786
116 66 0.915929
116 67 0.921990
116 68 0.927811
116 69 0.933584
116 70 0.939147
116 71 0.944697
116 72 0.950069
116 73 0.955460
116 74 0.960703
116 75 0.965997
116 76 0.971173
116 77 0.976430
116 78 0.981595
116 79 0.986870
116 80 0.992079
116 81 0.997424
116 82 1.002725
116 83 1.008188
116 84 1.013629
116 85 1.019253
116 86 1.024875
116 87 1.030700
116 88 1.036542
116 89 1.042605
116 90 1.048701
116 91 1.055035
116 92 1.061418
116 93 1.068054
116 94 1.074752
116 95 1.081716
116 96 1.088756
116 97 1.096074
116 98 1.103480
116 99 1.111175
116 100 1.118970
117 1 0.017391
117 2 0.034782
117 3 0.052165
117 4 0.069545
117 5 0.086910
117 6 0.104272
117 7 0.121609
117 8 0.138940
117 9 0.156238
117 10 0.173527
117 11 0.190773
117 12 0.208007
117 13 0.225187
117 14 0.242350
117 15 0.259449
117 16 0.276523
117 17 0.293520
117 18 0.310486
117 19 0.327360
117 20 0.344194
117 21 0.360921
117 22 0.377596
117 23 0.394147
117 24 0.410635
117 25 0.426979
117 26 0.443246
117 27 0.459349
117 28 0.475358
117 29 0.491182
117 30 0.506896
117 31 0.522400
117 32 0.537777
117 33 0.552920
117 34 0.567916
117 35 0.582653
117 36 0.597225
117 37 0.611514
117 38 0.625617
117 39 0.639414
117 40 0.653008
117 41 0.666274
117 42 0.679320
117 43 0.692018
117 44 0.704483
117 45 0.716583
117 46 0.728441
117 47 0.739921
117 48 0.751154
117 49 0.762000
117 50 0.772597
117 51 0.782805
117 52 0.792768
117 53 0.802345
117 54 0.811686
117 55 0.820647
117 56 0.829388
117 57 0.837762
117 58 0.845934
117 59 0.853757
117 60 0.861400
117 61 0.868716
117 62 0.875879
117 63 0.882739
117 64 0.889476
117 65 0.895935
117 66 0.902303
117 67 0.908422
117 68 0.914482
117 69 0.920322
117 70 0.926135
117 71 0.931757
117 72 0.937385
117 73 0.942850
117 74 0.948352
117 75 0.953720
117 76 0.959153
117 77 0.964479
117 78 0.969900
117 79 0.975238
117 80 0.980697
117 81 0.986097
117 82 0.991643
117 83 0.997152
117 84 1.002829
117 85 1.008490
117 86 1.014339
117 87 1.020191
117 88 1.026250
117 89 1.032330
117 90 1.038635
117 91 1.044976
117 92 1.051557
117 93 1.058190
117 94 1.065078
117 95 1.072031
117 96 1.079252
117 97 1.086551
117 98 1.094131
117 99 1.101802
117 100 1.109764
118 1 0.017091
118 2 0.034179
118 3 0.051264
118 4 0.068337
118 5 0.085407
118 6 0.102456
118 7 0.119499
118 8 0.136513
118 9 0.153518
118 10 0.170484
118 11 0.187438
118 12 0.204343
118 13 0.221231
118 14 0.238058
118 15 0.254864
118 16 0.271597
118 17 0.288301
118 18 0.304919
118 19 0.321500
118 20 0.337981
118 21 0.354415
118 22 0.370733
118 23 0.386993
118 24 0.403118
118 25 0.419174
118 26 0.435076
118 27 0.450895
118 28 0.466540
118 29 0.482086
118 30 0.497437
118 31 0.512672
118 32 0.527690
118 33 0.542575
118 34 0.557220
118 35 0.571714
118 36 0.585946
118 37 0.600009
118 38 0.613787
118 39 0.627381
118 40 0.640667
118 41 0.653755
118 42 0.666515
118 43 0.679064
118 44 0.691268
118 45 0.703251
118 46 0.714877
118 47 0.726273
118 48 0.737303
118 49 0.748102
118 50 0.758529
118 51 0.768727
118 52 0.778553
118 53 0.788156
118 54 0.797392
118 55 0.806416
118 56 0.815082
118 57 0.823553
118 58 0.831679
118 59 0.839630
118 60 0.847254
118 61 0.854726
118 62 0.861892
118 63 0.868932
118 64 0.875691
118 65 0.882352
118 66 0.888757
118 67 0.895093
118 68 0.901200
118 69 0.907270
118 70 0.913138
118 71 0.918998
118 72 0.924684
118 73 0.930392
118 74 0.935954
118 75 0.941566
118 76 0.947057
118 77 0.952627
118 78 0.958101
118 79 0.963680
118 80 0.969186
118 81 0.974822
118 82 0.980408
118 83 0.986146
118 84 0.991855
118 85 0.997737
118 86 1.003609
118 87 1.009674
118 88 1.015747
118 89 1.022031
118 90 1.028340
118 91 1.034876
118 92 1.041453
118 93 1.048272
118 94 1.055146
118 95 1.062278
118 96 1.069478
118 97 1.076948
118 98 1.084500
118 99 1.092335
118 100 1.100265
119 1 0.016792
119 2 0.033583
119 3 0.050366
119 4 0.067146
119 5 0.083909
119 6 0.100666
119 7 0.117398
119 8 0.134121
119 9 0.150809
119 10 0.167486
119 11 0.184118
119 12 0.200734
119 13 0.217294
119 14 0.233833
119 15 0.250305
119 16 0.266750
119 17 0.283115
119 18 0.299446
119 19 0.315683
119 20 0.331878
119 21 0.347963
119 22 0.363996
119 23 0.379903
119 24 0.395747
119 25 0.411447
119 26 0.427072
119 27 0.442535
119 28 0.457908
119 29 0.473099
119 30 0.488186
119 31 0.503070
119 32 0.517834
119 33 0.532374
119 34 0.546778
119 35 0.560937
119 36 0.574944
119 37 0.588683
119 38 0.602256
119 39 0.615542
119 40 0.628646
119 41 0.641444
119 42 0.654048
119 43 0.666330
119 44 0.678407
119 45 0.690148
119 46 0.701677
119 47 0.712859
119 48 0.723826
119 49 0.734439
119 50 0.744837
119 51 0.754879
119 52 0.764710
119 53 0.774188
119 54 0.783464
119 55 0.792392
119 56 0.801131
119 57 0.809533
119 58 0.817763
119 59 0.825671
119 60 0.833427
119 61 0.840879
119 62 0.848202
119 63 0.855242
119 64 0.862179
119 65 0.868855
119 66 0.875456
119 67 0.881821
119 68 0.888138
119 69 0.894244
119 70 0.900332
119 71 0.906235
119 72 0.912148
119 73 0.917902
119 74 0.923693
119 75 0.929351
119 76 0.935074
119 77 0.940687
119 78 0.946391
119 79 0.952009
119 80 0.957741
119 81 0.963410
119 82 0.969217
119 83 0.974981
119 84 0.980905
119 85 0.986805
119 86 0.992884
119 87 0.998959
119 88 1.005232
119 89 1.011516
119 90 1.018017
119 91 1.024545
119 92 1.031305
119 93 1.038108
119 94 1.045158
119 95 1.052265
119 96 1.059633
119 97 1.067073
119 98 1.074786
119 99 1.082584
119 100 1.090669
120 1 0.016497
120 2 0.032990
120 3 0.049481
120 4 0.065959
120 5 0.082432
120 6 0.098883
120 7 0.115327
120 8 0.131740
120 9 0.148141
120 10 0.164502
120 11 0.180849
120 12 0.197144
120 13 0.213420
120 14 0.229633
120 15 0.245821
120 16 0.261935
120 17 0.278018
120 18 0.294013
120 19 0.309969
120 20 0.325823
120 21 0.341629
120 22 0.357318
120 23 0.372949
120 24 0.388446
120 25 0.403875
120 26 0.419152
120 27 0.434348
120 28 0.449374
120 29 0.464306
120 30 0.479049
120 31 0.493683
120 32 0.508108
120 33 0.522410
120 34 0.536482
120 35 0.550418
120 36 0.564103
120 37 0.577637
120 38 0.590902
120 39 0.604003
120 40 0.616816
120 41 0.629451
120 42 0.641784
120 43 0.653929
120 44 0.665757
120 45 0.677389
120 46 0.688694
120 47 0.699798
120 48 0.710567
120 49 0.721134
120 50 0.731361
120 51 0.741390
120 52 0.751078
120 53 0.760575
120 54 0.769735
120 55 0.778714
120 56 0.787364
120 57 0.795847
120 58 0.804014
120 59 0.812030
120 60 0.819745
120 61 0.827330
120 62 0.834632
120 63 0.841828
120 64 0.848760
120 65 0.855611
120 66 0.862221
120 67 0.868775
120 68 0.875112
120 69 0.881420
120 70 0.887535
120 71 0.893648
120 72 0.899592
120 73 0.905562
120 74 0.911386
120 75 0.917262
120 76 0.923017
120 77 0.928849
120 78 0.934582
120 79 0.940416
120 80 0.946174
120 81 0.952056
120 82 0.957882
120 83 0.963853
120 84 0.969789
120 85 0.975891
120 86 0.981975
120 87 0.988244
120 88 0.994514
120 89 1.000986
120 90 1.007474
120 91 1.014182
120 92 1.020923
120 93 1.027898
120 94 1.034920
120 95 1.042192
120 96 1.049526
120 97 1.057123
120 98 1.064796
120 99 1.072745
120 100 1.080785
121 1 0.016204
121 2 0.032406
121 3 0.048600
121 4 0.064790
121 5 0.080962
121 6 0.097127
121 7 0.113266
121 8 0.129395
121 9 0.145487
121 10 0.161565
121 11 0.177597
121 12 0.193612
121 13 0.209568
121 14 0.225502
121 15 0.241367
121 16 0.257203
121 17 0.272957
121 18 0.288675
121 19 0.304299
121 20 0.319879
121 21 0.335349
121 22 0.350767
121 23 0.366060
121 24 0.381290
121 25 0.396379
121 26 0.411395
121 27 0.426251
121 28 0.441022
121 29 0.455617
121 30 0.470113
121 31 0.484414
121 32 0.498603
121 33 0.512578
121 34 0.526428
121 35 0.540045
121 36 0.553525
121 37 0.566752
121 38 0.579829
121 39 0.592637
121 40 0.605283
121 41 0.617644
121 42 0.629833
121 43 0.641723
121 44 0.653433
121 45 0.664832
121 46 0.676046
121 47 0.686941
121 48 0.697649
121 49 0.708032
121 50 0.718229
121 51 0.728099
121 52 0.737788
121 53 0.747152
121 54 0.756343
121 55 0.765214
121 56 0.773924
121 57 0.782324
121 58 0.790577
121 59 0.798532
121 60 0.806359
121 61 0.813903
121 62 0.821339
121 63 0.828512
121 64 0.835597
121 65 0.842439
121 66 0.849219
121 67 0.855776
121 68 0.862296
121 69 0.868615
121 70 0.874923
121 71 0.881053
121 72 0.887197
121 73 0.893187
121 74 0.899216
121 75 0.905113
121 76 0.911074
121 77 0.916925
121 78 0.922864
121 79 0.928715
121 80 0.934676
121 81 0.940570
121 82 0.946596
121 83 0.952574
121 84 0.958704
121 85 0.964805
121 86 0.971079
121 87 0.977340
121 88 0.983792
121 89 0.990248
121 90 0.996912
121 91 1.003597
121 92 1.010505
121 93 1.017449
121 94 1.024632
121 95 1.031866
121 96 1.039353
121 97 1.046907
121 98 1.054727
121 99 1.062627
121 100 1.070808
122 1 0.015915
122 2 0.031825
122 3 0.047732
122 4 0.063626
122 5 0.079514
122 6 0.095380
122 7 0.111237
122 8 0.127061
122 9 0.142874
122 10 0.158644
122 11 0.174399
122 12 0.190100
122 13 0.205781
122 14 0.221398
122 15 0.236988
122 16 0.252503
122 17 0.267985
122 18 0.283378
122 19 0.298732
122 20 0.313984
122 21 0.329188
122 22 0.344275
122 23 0.359305
122 24 0.374203
122 25 0.389035
122 26 0.403718
122 27 0.418324
122 28 0.432764
122 29 0.447115
122 30 0.461284
122 31 0.475351
122 32 0.489218
122 33 0.502972
122 34 0.516508
122 35 0.529918
122 36 0.543092
122 37 0.556130
122 38 0.568915
122 39 0.581551
122 40 0.593920
122 41 0.606131
122 42 0.618060
122 43 0.629824
122 44 0.641294
122 45 0.652593
122 46 0.663589
122 47 0.674410
122 48 0.684922
122 49 0.695260
122 50 0.705285
122 51 0.715138
122 52 0.724679
122 53 0.734055
122 54 0.743122
122 55 0.752033
122 56 0.760642
122 57 0.769108
122 58 0.777281
122 59 0.785328
122 60 0.793095
122 61 0.800753
122 62 0.808148
122 63 0.815453
122 64 0.822513
122 65 0.829505
122 66 0.836270
122 67 0.842992
122 68 0.849507
122 69 0.856003
122 70 0.862313
122 71 0.868628
122 72 0.874780
122 73 0.880960
122 74 0.886998
122 75 0.893088
122 76 0.899059
122 77 0.905105
122 78 0.911051
122 79 0.917096
122 80 0.923061
122 81 0.929147
122 82 0.935172
122 83 0.941337
122 84 0.947461
122 85 0.953745
122 86 0.960005
122 87 0.966443
122 88 0.972875
122 89 0.979502
122 90 0.986138
122 91 0.992986
122 92 0.999860
122 93 1.006961
122 94 1.014103
122 95 1.021486
122 96 1.028926
122 97 1.036622
122 98 1.044388
122 99 1.052425
122 100 1.060549
123 1 0.015627
123 2 0.031252
123 3 0.046868
123 4 0.062480
123 5 0.078074
123 6 0.093660
123 7 0.109219
123 8 0.124766
123 9 0.140276
123 10 0.155772
123 11 0.171219
123 12 0.186648
123 13 0.202018
123 14 0.217364
123 15 0.232640
123 16 0.247886
123 17 0.263050
123 18 0.278178
123 19 0.293211
123 20 0.308200
123 21 0.323080
123 22 0.337909
123 23 0.352614
123 24 0.367259
123 25 0.381764
123 26 0.396200
123 27 0.410481
123 28 0.424681
123 29 0.438710
123 30 0.452648
123 31 0.466398
123 32 0.480045
123 33 0.493488
123 34 0.506817
123 35 0.519924
123 36 0.532907
123 37 0.545653
123 38 0.558263
123 39 0.570621
123 40 0.582835
123 41 0.594783
123 42 0.606579
123 43 0.618097
123 44 0.629457
123 45 0.640529
123 46 0.651440
123 47 0.662056
123 48 0.672510
123 49 0.682663
123 50 0.692656
123 51 0.702349
123 52 0.711885
123 53 0.721122
123 54 0.730210
123 55 0.739004
123 56 0.747660
123 57 0.756030
123 58 0.764276
123 59 0.772246
123 60 0.780107
123 61 0.787706
123 62 0.795215
123 63 0.802477
123 64 0.809668
123 65 0.816630
123 66 0.823542
123 67 0.830244
123 68 0.836919
123 69 0.843403
123 70 0.849882
123 71 0.856191
123 72 0.862518
123 73 0.868696
123 74 0.874915
123 75 0.881004
123 76 0.887158
123 77 0.893201
123 78 0.899332
123 79 0.905372
123 80 0.911520
123 81 0.917597
123 82 0.923802
123 83 0.929955
123 84 0.936255
123 85 0.942520
123 86 0.948951
123 87 0.955364
123 88 0.961961
123 89 0.968556
123 90 0.975351
123 91 0.982161
123 92 0.989187
123 93 0.996242
123 94 1.003529
123 95 1.010861
123 96 1.018439
123 97 1.026077
123 98 1.033976
123 99 1.041950
123 100 1.050199
124 1 0.015344
124 2 0.030683
124 3 0.046019
124 4 0.061341
124 5 0.076657
124 6 0.091950
124 7 0.107234
124 8 0.122484
124 9 0.137722
124 10 0.152916
124 11 0.168094
124 12 0.183218
124 13 0.198320
124 14 0.213358
124 15 0.228369
124 16 0.243303
124 17 0.258205
124 18 0.273018
124 19 0.287792
124 20 0.302464
124 21 0.317090
124 22 0.331600
124 23 0.346055
124 24 0.360380
124 25 0.374642
124 26 0.388759
124 27 0.402803
124 28 0.416687
124 29 0.430487
124 30 0.444112
124 31 0.457643
124 32 0.470983
124 33 0.484219
124 34 0.497247
124 35 0.510162
124 36 0.522854
124 37 0.535423
124 38 0.547754
124 39 0.559953
124 40 0.571901
124 41 0.583710
124 42 0.595255
124 43 0.606656
124 44 0.617783
124 45 0.628761
124 46 0.639457
124 47 0.650003
124 48 0.660262
124 49 0.670371
124 50 0.680190
124 51 0.689863
124 52 0.699246
124 53 0.708489
124 54 0.717445
124 55 0.726270
124 56 0.734814
124 57 0.743238
124 58 0.751391
124 59 0.759436
124 60 0.767222
124 61 0.774917
124 62 0.782366
124 63 0.789742
124 64 0.796887
124 65 0.803979
124 66 0.810856
124 67 0.817701
124 68 0.824350
124 69 0.830987
124 70 0.837447
124 71 0.843918
124 72 0.850231
124 73 0.856576
124 74 0.862782
124 75 0.869043
124 76 0.875185
124 77 0.881402
124 78 0.887519
124 79 0.893733
124 80 0.899865
124 81 0.906114
124 82 0.912299
124 83 0.918620
124 84 0.924896
124 85 0.931325
124 86 0.937726
124 87 0.944299
124 88 0.950859
124 89 0.957608
124 90 0.964360
124 91 0.971317
124 92 0.978294
124 93 0.985490
124 94 0.992721
124 95 1.000187
124 96 1.007703
124 97 1.015469
124 98 1.023300
124 99 1.031395
124 100 1.039572
125 1 0.015062
125 2 0.030122
125 3 0.045174
125 4 0.060220
125 5 0.075248
125 6 0.090268
125 7 0.105260
125 8 0.120240
125 9 0.135183
125 10 0.150110
125 11 0.164988
125 12 0.179848
125 13 0.194648
125 14 0.209423
125 15 0.224129
125 16 0.238804
125 17 0.253398
125 18 0.267955
125 19 0.282418
125 20 0.296839
125 21 0.311152
125 22 0.325415
125 23 0.339557
125 24 0.353641
125 25 0.367590
125 26 0.381472
125 27 0.395205
125 28 0.408862
125 29 0.422354
125 30 0.435761
125 31 0.448989
125 32 0.462122
125 33 0.475061
125 34 0.487896
125 35 0.500521
125 36 0.513034
125 37 0.525323
125 38 0.537491
125 39 0.549423
125 40 0.561227
125 41 0.572782
125 42 0.584203
125 43 0.595365
125 44 0.606389
125 45 0.617145
125 46 0.627761
125 47 0.638104
125 48 0.648306
125 49 0.658230
125 50 0.668017
125 51 0.677525
125 52 0.686899
125 53 0.695996
125 54 0.704967
125 55 0.713665
125 56 0.722247
125 57 0.730563
125 58 0.738774
125 59 0.746730
125 60 0.754594
125 61 0.762214
125 62 0.769760
125 63 0.777075
125 64 0.784333
125 65 0.791375
125 66 0.798379
125 67 0.805184
125 68 0.811971
125 69 0.818576
125 70 0.825184
125 71 0.831628
125 72 0.838095
125 73 0.844417
125 74 0.850783
125 75 0.857022
125 76 0.863326
125 77 0.869521
125 78 0.875801
125 79 0.881991
125 80 0.888286
125 81 0.894508
125 82 0.900854
125 83 0.907145
125 84 0.913578
125 85 0.919972
125 86 0.926526
125 87 0.933057
125 88 0.939765
125 89 0.946467
125 90 0.953362
125 91 0.960266
125 92 0.967378
125 93 0.974515
125 94 0.981875
125 95 0.989276
125 96 0.996914
125 97 1.004608
125 98 1.012555
125 99 1.020573
125 100 1.028860
126 1 0.014785
126 2 0.029566
126 3 0.044343
126 4 0.059106
126 5 0.073863
126 6 0.088596
126 7 0.103320
126 8 0.118011
126 9 0.132688
126 10 0.147321
126 11 0.161938
126 12 0.176500
126 13 0.191041
126 14 0.205517
126 15 0.219966
126 16 0.234339
126 17 0.248680
126 18 0.262932
126 19 0.277147
126 20 0.291261
126 21 0.305330
126 22 0.319286
126 23 0.333189
126 24 0.346966
126 25 0.360682
126 26 0.374258
126 27 0.387766
126 28 0.401119
126 29 0.414395
126 30 0.427502
126 31 0.440524
126 32 0.453363
126 33 0.466107
126 34 0.478654
126 35 0.491099
126 36 0.503332
126 37 0.515456
126 38 0.527356
126 39 0.539139
126 40 0.550686
126 41 0.562110
126 42 0.573289
126 43 0.584340
126 44 0.595137
126 45 0.605804
126 46 0.616209
126 47 0.626483
126 48 0.636492
126 49 0.646371
126 50 0.655982
126 51 0.665467
126 52 0.674685
126 53 0.683781
126 54 0.692614
126 55 0.701334
126 56 0.709794
126 57 0.718153
126 58 0.726260
126 59 0.734277
126 60 0.742053
126 61 0.749753
126 62 0.757223
126 63 0.764635
126 64 0.771829
126 65 0.778982
126 66 0.785934
126 67 0.792862
126 68 0.799604
126 69 0.806342
126 70 0.812911
126 71 0.819496
126 72 0.825929
126 73 0.832398
126 74 0.838732
126 75 0.845122
126 76 0.851395
126 77 0.857743
126 78 0.863992
126 79 0.870336
126 80 0.876597
126 81 0.882971
126 82 0.889280
126 83 0.895721
126 84 0.902113
126 85 0.908653
126 86 0.915161
126 87 0.921835
126 88 0.928491
126 89 0.935330
126 90 0.942167
126 91 0.949202
126 92 0.956250
126 93 0.963512
126 94 0.970802
126 95 0.978321
126 96 0.985883
126 97 0.993689
126 98 1.001554
126 99 1.009676
126 100 1.017875
127 1 0.014510
127 2 0.029018
127 3 0.043517
127 4 0.058011
127 5 0.072486
127 6 0.086954
127 7 0.101392
127 8 0.115820
127 9 0.130208
127 10 0.144582
127 11 0.158907
127 12 0.173212
127 13 0.187459
127 14 0.201681
127 15 0.215833
127 16 0.229956
127 17 0.243998
127 18 0.258005
127 19 0.271918
127 20 0.285791
127 21 0.299558
127 22 0.313277
127 23 0.326878
127 24 0.340425
127 25 0.353840
127 26 0.367193
127 27 0.380401
127 28 0.393540
127 29 0.406519
127 30 0.419421
127 31 0.432151
127 32 0.444795
127 33 0.457254
127 34 0.469619
127 35 0.481785
127 36 0.493851
127 37 0.505705
127 38 0.517452
127 39 0.528977
127 40 0.540389
127 41 0.551567
127 42 0.562628
127 43 0.573448
127 44 0.584146
127 45 0.594596
127 46 0.604923
127 47 0.614997
127 48 0.624949
127 49 0.634644
127 50 0.644219
127 51 0.653537
127 52 0.662740
127 53 0.671687
127 54 0.680526
127 55 0.689113
127 56 0.697601
127 57 0.705842
127 58 0.713995
127 59 0.721910
127 60 0.729751
127 61 0.737362
127 62 0.744914
127 63 0.752249
127 64 0.759539
127 65 0.766626
127 66 0.773686
127 67 0.780557
127 68 0.787418
127 69 0.794106
127 70 0.800803
127 71 0.807343
127 72 0.813911
127 73 0.820337
127 74 0.826811
127 75 0.833161
127 76 0.839577
127 77 0.845885
127 78 0.852278
127 79 0.858580
127 80 0.864985
127 81 0.871316
127 82 0.877767
127 83 0.884161
127 84 0.890692
127 85 0.897181
127 86 0.903825
127 87 0.910442
127 88 0.917230
127 89 0.924007
127 90 0.930970
127 91 0.937937
127 92 0.945105
127 93 0.952293
127 94 0.959697
127 95 0.967135
127 96 0.974804
127 97 0.982523
127 98 0.990488
127 99 0.998519
127 100 1.006811
128 1 0.014239
128 2 0.028474
128 3 0.042705
128 4 0.056923
128 5 0.071134
128 6 0.085321
128 7 0.099498
128 8 0.113643
128 9 0.127773
128 10 0.141861
128 11 0.155931
128 12 0.169947
128 13 0.183942
128 14 0.197873
128 15 0.211777
128 16 0.225607
128 17 0.239405
128 18 0.253116
128 19 0.266790
128 20 0.280366
128 21 0.293899
128 22 0.307322
128 23 0.320695
128 24 0.333944
128 25 0.347138
128 26 0.360196
128 27 0.373190
128 28 0.386036
128 29 0.398811
128 30 0.411424
128 31 0.423959
128 32 0.436320
128 33 0.448595
128 34 0.460683
128 35 0.472679
128 36 0.484476
128 37 0.496174
128 38 0.507662
128 39 0.519046
128 40 0.530209
128 41 0.541264
128 42 0.552090
128 43 0.562803
128 44 0.573279
128 45 0.583642
128 46 0.593762
128 47 0.603769
128 48 0.613529
128 49 0.623177
128 50 0.632576
128 51 0.641867
128 52 0.650910
128 53 0.659851
128 54 0.668545
128 55 0.677145
128 56 0.685504
128 57 0.693777
128 58 0.701816
128 59 0.709781
128 60 0.717520
128 61 0.725198
128 62 0.732660
128 63 0.740076
128 64 0.747288
128 65 0.754470
128 66 0.761460
128 67 0.768437
128 68 0.775236
128 69 0.782039
128 70 0.788680
128 71 0.795343
128 72 0.801858
128 73 0.808413
128 74 0.814838
128 75 0.821320
128 76 0.827687
128 77 0.834130
128 78 0.840474
128 79 0.846911
128 80 0.853266
128 81 0.859731
128 82 0.866129
128 83 0.872655
128 84 0.879130
128 85 0.885748
128 86 0.892331
128 87 0.899073
128 88 0.905795
128 89 0.912692
128 90 0.919583
128 91 0.926665
128 92 0.933755
128 93 0.941051
128 94 0.948371
128 95 0.955912
128 96 0.963491
128 97 0.971305
128 98 0.979173
128 99 0.987292
128 100 0.995481
129 1 0.013970
129 2 0.027939
129 3 0.041899
129 4 0.055853
129 5 0.069789
129 6 0.083717
129 7 0.097616
129 8 0.111504
129 9 0.125354
129 10 0.139189
129 11 0.152975
129 12 0.166742
129 13 0.180451
129 14 0.194136
129 15 0.207751
129 16 0.221339
129 17 0.234847
129 18 0.248321
129 19 0.261704
129 20 0.275047
129 21 0.288288
129 22 0.301484
129 23 0.314565
129 24 0.327595
129 25 0.340498
129 26 0.353343
129 27 0.366048
129 28 0.378689
129 29 0.391179
129 30 0.403597
129 31 0.415851
129 32 0.428027
129 33 0.440027
129 34 0.451942
129 35 0.463670
129 36 0.475308
129 37 0.486746
129 38 0.498090
129 39 0.509224
129 40 0.520258
129 41 0.531074
129 42 0.541787
129 43 0.552274
129 44 0.562656
129 45 0.572806
129 46 0.582849
129 47 0.592657
129 48 0.602360
129 49 0.611823
129 50 0.621185
129 51 0.630306
129 52 0.639331
129 53 0.648116
129 54 0.656811
129 55 0.665271
129 56 0.673648
129 57 0.681796
129 58 0.689870
129 59 0.697723
129 60 0.705514
129 61 0.713091
129 62 0.720620
129 63 0.727946
129 64 0.735239
129 65 0.742340
129 66 0.749422
129 67 0.756326
129 68 0.763228
129 69 0.769964
129 70 0.776716
129 71 0.783316
129 72 0.789949
129 73 0.796445
129 74 0.802991
129 75 0.809416
129 76 0.815908
129 77 0.822294
129 78 0.828764
129 79 0.835144
129 80 0.841625
129 81 0.848031
129 82 0.854554
129 83 0.861018
129 84 0.867615
129 85 0.874167
129 86 0.880869
129 87 0.887540
129 88 0.894377
129 89 0.901198
129 90 0.908198
129 91 0.915198
129 92 0.922393
129 93 0.929601
129 94 0.937019
129 95 0.944465
129 96 0.952135
129 97 0.959848
129 98 0.967800
129 99 0.975811
129 100 0.984076
130 1 0.013706
130 2 0.027408
130 3 0.041106
130 4 0.054791
130 5 0.068469
130 6 0.082123
130 7 0.095768
130 8 0.109380
130 9 0.122979
130 10 0.136534
130 11 0.150073
130 12 0.163559
130 13 0.177023
130 14 0.190425
130 15 0.203801
130 16 0.217103
130 17 0.230376
130 18 0.243563
130 19 0.256715
130 20 0.269772
130 21 0.282787
130 22 0.295696
130 23 0.308558
130 24 0.321301
130 25 0.333992
130 26 0.346552
130 27 0.359054
130 28 0.371412
130 29 0.383707
130 30 0.395846
130 31 0.407915
130 32 0.419817
130 33 0.431643
130 34 0.443292
130 35 0.454857
130 36 0.466235
130 37 0.477525
130 38 0.488617
130 39 0.499618
130 40 0.510411
130 41 0.521109
130 42 0.531592
130 43 0.541977
130 44 0.552141
130 45 0.562206
130 46 0.572045
130 47 0.581786
130 48 0.591297
130 49 0.600712
130 50 0.609896
130 51 0.618988
130 52 0.627848
130 53 0.636622
130 54 0.645168
130 55 0.653633
130 56 0.661874
130 57 0.670044
130 58 0.677995
130 59 0.685886
130 60 0.693566
130 61 0.701196
130 62 0.708625
130 63 0.716018
130 64 0.723219
130 65 0.730399
130 66 0.737398
130 67 0.744391
130 68 0.751216
130 69 0.758051
130 70 0.764731
130 71 0.771437
130 72 0.778002
130 73 0.784609
130 74 0.791090
130 75 0.797630
130 76 0.804057
130 77 0.810561
130 78 0.816966
130 79 0.823464
130 80 0.829879
130 81 0.836403
130 82 0.842858
130 83 0.849437
130 84 0.855963
130 85 0.862628
130 86 0.869254
130 87 0.876034
130 88 0.882790
130 89 0.889716
130 90 0.896631
130 91 0.903730
130 92 0.910833
130 93 0.918134
130 94 0.925454
130 95 0.932986
130 96 0.940551
130 97 0.948344
130 98 0.956185
130 99 0.964267
130 100 0.972414
131 1 0.013444
131 2 0.026886
131 3 0.040319
131 4 0.053747
131 5 0.067157
131 6 0.080558
131 7 0.093932
131 8 0.107294
131 9 0.120619
131 10 0.133929
131 11 0.147191
131 12 0.160434
131 13 0.173620
131 14 0.186784
131 15 0.199879
131 16 0.212948
131 17 0.225938
131 18 0.238897
131 19 0.251766
131 20 0.264599
131 21 0.277332
131 22 0.290022
131 23 0.302602
131 24 0.315134
131 25 0.327543
131 26 0.339900
131 27 0.352122
131 28 0.364286
131 29 0.376304
131 30 0.388258
131 31 0.400055
131 32 0.411782
131 33 0.423341
131 34 0.434826
131 35 0.446132
131 36 0.457358
131 37 0.468396
131 38 0.479350
131 39 0.490108
131 40 0.500777
131 41 0.511242
131 42 0.521617
131 43 0.531781
131 44 0.541853
131 45 0.551708
131 46 0.561472
131 47 0.571015
131 48 0.580468
131 49 0.589699
131 50 0.598842
131 51 0.607762
131 52 0.616600
131 53 0.625215
131 54 0.633754
131 55 0.642074
131 56 0.650325
131 57 0.658362
131 58 0.666339
131 59 0.674108
131 60 0.681828
131 61 0.689347
131 62 0.696830
131 63 0.704121
131 64 0.711389
131 65 0.718475
131 66 0.725552
131 67 0.732458
131 68 0.739370
131 69 0.746124
131 70 0.752898
131 71 0.759528
131 72 0.766193
131 73 0.772727
131 74 0.779312
131 75 0.785780
131 76 0.792315
131 77 0.798747
131 78 0.805262
131 79 0.811688
131 80 0.818213
131 81 0.824662
131 82 0.831226
131 83 0.837728
131 84 0.844360
131 85 0.850945
131 86 0.857675
131 87 0.864371
131 88 0.871226
131 89 0.878062
131 90 0.885071
131 91 0.892074
131 92 0.899266
131 93 0.906466
131 94 0.913867
131 95 0.921292
131 96 0.928932
131 97 0.936610
131 98 0.944518
131 99 0.952478
131 100 0.960684
132 1 0.013186
132 2 0.026367
132 3 0.039546
132 4 0.052710
132 5 0.065868
132 6 0.079003
132 7 0.092129
132 8 0.105222
132 9 0.118302
132 10 0.131340
132 11 0.144362
132 12 0.157331
132 13 0.170281
132 14 0.183168
132 15 0.196032
132 16 0.208823
132 17 0.221586
132 18 0.234266
132 19 0.246913
132 20 0.259467
132 21 0.271983
132 22 0.284395
132 23 0.296764
132 24 0.309019
132 25 0.321225
132 26 0.333305
132 27 0.345332
132 28 0.357223
132 29 0.369055
132 30 0.380739
132 31 0.392359
132 32 0.403821
132 33 0.415215
132 34 0.426440
132 35 0.437592
132 36 0.448566
132 37 0.459462
132 38 0.470172
132 39 0.480801
132 40 0.491236
132 41 0.501587
132 42 0.511736
132 43 0.521801
132 44 0.531659
132 45 0.541431
132 46 0.550992
132 47 0.560469
132 48 0.569731
132 49 0.578911
132 50 0.587876
132 51 0.596763
132 52 0.605434
132 53 0.614032
132 54 0.622416
132 55 0.630735
132 56 0.638844
132 57 0.646894
132 58 0.654740
132 59 0.662538
132 60 0.670137
132 61 0.677698
132 62 0.685070
132 63 0.692415
132 64 0.699579
132 65 0.706731
132 66 0.713712
132 67 0.720693
132 68 0.727515
132 69 0.734352
132 70 0.741041
132 71 0.747760
132 72 0.754344
132 73 0.760972
132 74 0.767478
132 75 0.774045
132 76 0.780502
132 77 0.787034
132 78 0.793471
132 79 0.799998
132 80 0.806443
132 81 0.812994
132 82 0.819476
132 83 0.826078
132 84 0.832625
132 85 0.839307
132 86 0.845948
132 87 0.852737
132 88 0.859499
132 89 0.866424
132 90 0.873334
132 91 0.880422
132 92 0.887508
132 93 0.894786
132 94 0.902076
132 95 0.909571
132 96 0.917093
132 97 0.924834
132 98 0.932617
132 99 0.940632
132 100 0.948705
133 1 0.012930
133 2 0.025858
133 3 0.038777
133 4 0.051692
133 5 0.064588
133 6 0.077477
133 7 0.090338
133 8 0.103188
133 9 0.116001
133 10 0.128800
133 11 0.141552
133 12 0.154286
133 13 0.166964
133 14 0.179621
133 15 0.192211
133 16 0.204776
133 17 0.217265
133 18 0.229724
133 19 0.242096
133 20 0.254434
133 21 0.266676
133 22 0.278878
133 23 0.290974
133 24 0.303025
133 25 0.314959
133 26 0.326844
133 27 0.338601
133 28 0.350304
133 29 0.361868
133 30 0.373374
133 31 0.384732
133 32 0.396026
133 33 0.407161
133 34 0.418229
133 35 0.429129
133 36 0.439958
133 37 0.450609
133 38 0.461187
133 39 0.471579
133 40 0.481895
133 41 0.492018
133 42 0.502063
133 43 0.511910
133 44 0.521677
133 45 0.531242
133 46 0.540729
133 47 0.550009
133 48 0.559212
133 49 0.568207
133 50 0.577129
133 51 0.585842
133 52 0.594485
133 53 0.602921
133 54 0.611294
133 55 0.619462
133 56 0.627573
133 57 0.635484
133 58 0.643346
133 59 0.651014
133 60 0.658643
133 61 0.666084
133 62 0.673498
133 63 0.680732
133 64 0.687950
133 65 0.694997
133 66 0.702041
133 67 0.708924
133 68 0.715818
133 69 0.722561
133 70 0.729330
133 71 0.735959
133 72 0.742628
133 73 0.749169
133 74 0.755765
133 75 0.762246
133 76 0.768795
133 77 0.775242
133 78 0.781773
133 79 0.788214
133 80 0.794754
133 81 0.801217
133 82 0.807792
133 83 0.814304
133 84 0.820943
133 85 0.827531
133 86 0.834260
133 87 0.840952
133 88 0.847797
133 89 0.854620
133 90 0.861609
133 91 0.868589
133 92 0.875749
133 93 0.882912
133 94 0.890269
133 95 0.897643
133 96 0.905225
133 97 0.912837
133 98 0.920671
133 99 0.928550
133 100 0.936665
134 1 0.012678
134 2 0.025352
134 3 0.038023
134 4 0.050680
134 5 0.063331
134 6 0.075960
134 7 0.088579
134 8 0.101167
134 9 0.113742
134 10 0.126276
134 11 0.138794
134 12 0.151262
134 13 0.163710
134 14 0.176098
134 15 0.188463
134 16 0.200758
134 17 0.213027
134 18 0.225215
134 19 0.237373
134 20 0.249440
134 21 0.261472
134 22 0.273404
134 23 0.285297
134 24 0.297079
134 25 0.308817
134 26 0.320435
134 27 0.332004
134 28 0.343442
134 29 0.354828
134 30 0.366073
134 31 0.377260
134 32 0.388297
134 33 0.399273
134 34 0.410090
134 35 0.420841
134 36 0.431425
134 37 0.441940
134 38 0.452280
134 39 0.462548
134 40 0.472634
134 41 0.482647
134 42 0.492471
134 43 0.502221
134 44 0.511778
134 45 0.521261
134 46 0.530546
134 47 0.539759
134 48 0.548772
134 49 0.557715
134 50 0.566456
134 51 0.575132
134 52 0.583607
134 53 0.592021
134 54 0.600235
134 55 0.608395
134 56 0.616358
134 57 0.624275
134 58 0.631999
134 59 0.639686
134 60 0.647186
134 61 0.654659
134 62 0.661952
134 63 0.669228
134 64 0.676333
134 65 0.683432
134 66 0.690370
134 67 0.697314
134 68 0.704107
134 69 0.710919
134 70 0.717590
134 71 0.724295
134 72 0.730869
134 73 0.737491
134 74 0.743994
134 75 0.750558
134 76 0.757016
134 77 0.763550
134 78 0.769988
134 79 0.776517
134 80 0.782963
134 81 0.789513
134 82 0.795993
134 83 0.802590
134 84 0.809131
134 85 0.815802
134 86 0.822429
134 87 0.829200
134 88 0.835940
134 89 0.842837
134 90 0.849715
134 91 0.856763
134 92 0.863806
134 93 0.871032
134 94 0.878265
134 95 0.885695
134 96 0.893146
134 97 0.900806
134 98 0.908501
134 99 0.916419
134 100 0.924387
135 1 0.012428
135 2 0.024855
135 3 0.037273
135 4 0.049687
135 5 0.062082
135 6 0.074470
135 7 0.086832
135 8 0.099183
135 9 0.111497
135 10 0.123798
135 11 0.136054
135 12 0.148293
135 13 0.160477
135 14 0.172641
135 15 0.184741
135 16 0.196817
135 17 0.208818
135 18 0.220793
135 19 0.232683
135 20 0.244542
135 21 0.256308
135 22 0.268037
135 23 0.279664
135 24 0.291250
135 25 0.302724
135 26 0.314153
135 27 0.325460
135 28 0.336718
135 29 0.347844
135 30 0.358918
135 31 0.369850
135 32 0.380726
135 33 0.391451
135 34 0.402117
135 35 0.412623
135 36 0.423067
135 37 0.433343
135 38 0.443555
135 39 0.453592
135 40 0.463562
135 41 0.473352
135 42 0.483073
135 43 0.492609
135 44 0.502077
135 45 0.511355
135 46 0.520565
135 47 0.529583
135 48 0.538535
135 49 0.547293
135 50 0.555989
135 51 0.564489
135 52 0.572932
135 53 0.581180
135 54 0.589377
135 55 0.597381
135 56 0.605340
135 57 0.613111
135 58 0.620844
135 59 0.628394
135 60 0.635915
135 61 0.643259
135 62 0.650584
135 63 0.657739
135 64 0.664886
135 65 0.671870
135 66 0.678859
135 67 0.685694
135 68 0.692546
135 69 0.699254
135 70 0.705990
135 71 0.712594
135 72 0.719239
135 73 0.725762
135 74 0.732340
135 75 0.738807
135 76 0.745342
135 77 0.751778
135 78 0.758296
135 79 0.764727
135 80 0.771252
135 81 0.777702
135 82 0.784261
135 83 0.790757
135 84 0.797374
135 85 0.803940
135 86 0.810640
135 87 0.817302
135 88 0.824111
135 89 0.830893
135 90 0.837836
135 91 0.844765
135 92 0.851866
135 93 0.858966
135 94 0.866252
135 95 0.873548
135 96 0.881043
135 97 0.888562
135 98 0.896293
135 99 0.904062
135 100 0.912055
136 1 0.012183
136 2 0.024361
136 3 0.036537
136 4 0.048699
136 5 0.060856
136 6 0.072990
136 7 0.085116
136 8 0.097211
136 9 0.109294
136 10 0.121337
136 11 0.133365
136 12 0.145344
136 13 0.157305
136 14 0.169208
136 15 0.181089
136 16 0.192902
136 17 0.204690
136 18 0.216401
136 19 0.228083
136 20 0.239679
136 21 0.251242
136 22 0.262709
136 23 0.274140
136 24 0.285465
136 25 0.296750
136 26 0.307920
136 27 0.319045
136 28 0.330047
136 29 0.341000
136 30 0.351820
136 31 0.362588
136 32 0.373214
136 33 0.383786
136 34 0.394207
136 35 0.404570
136 36 0.414774
136 37 0.424919
136 38 0.434898
136 39 0.444815
136 40 0.454560
136 41 0.464242
136 42 0.473746
136 43 0.483188
136 44 0.492447
136 45 0.501643
136 46 0.510654
136 47 0.519604
136 48 0.528366
136 49 0.537069
136 50 0.545584
136 51 0.554044
136 52 0.562315
136 53 0.570537
136 54 0.578571
136 55 0.586562
136 56 0.594368
136 57 0.602137
136 58 0.609726
136 59 0.617286
136 60 0.624671
136 61 0.632037
136 62 0.639233
136 63 0.646420
136 64 0.653444
136 65 0.660470
136 66 0.667342
136 67 0.674227
136 68 0.680966
136 69 0.687730
136 70 0.694359
136 71 0.701024
136 72 0.707564
136 73 0.714153
136 74 0.720627
136 75 0.727164
136 76 0.733596
136 77 0.740104
136 78 0.746519
136 79 0.753022
136 80 0.759443
136 81 0.765966
136 82 0.772418
136 83 0.778984
136 84 0.785492
136 85 0.792126
136 86 0.798714
136 87 0.805441
136 88 0.812132
136 89 0.818975
136 90 0.825795
136 91 0.832779
136 92 0.839751
136 93 0.846900
136 94 0.854050
136 95 0.861387
136 96 0.868740
136 97 0.876292
136 98 0.883871
136 99 0.891663
136 100 0.899496
137 1 0.011939
137 2 0.023876
137 3 0.035805
137 4 0.047730
137 5 0.059637
137 6 0.071537
137 7 0.083411
137 8 0.095276
137 9 0.107105
137 10 0.118921
137 11 0.130693
137 12 0.142450
137 13 0.154153
137 14 0.165838
137 15 0.177460
137 16 0.189060
137 17 0.200589
137 18 0.212093
137 19 0.223515
137 20 0.234909
137 21 0.246213
137 22 0.257484
137 23 0.268656
137 24 0.279792
137 25 0.290820
137 26 0.301808
137 27 0.312678
137 28 0.323506
137 29 0.334207
137 30 0.344861
137 31 0.355381
137 32 0.365852
137 33 0.376179
137 34 0.386453
137 35 0.396578
137 36 0.406647
137 37 0.416558
137 38 0.426413
137 39 0.436103
137 40 0.445736
137 41 0.455198
137 42 0.464602
137 43 0.473832
137 44 0.483003
137 45 0.491996
137 46 0.500932
137 47 0.509687
137 48 0.518387
137 49 0.526905
137 50 0.535371
137 51 0.543654
137 52 0.551889
137 53 0.559943
137 54 0.567954
137 55 0.575785
137 56 0.583581
137 57 0.591199
137 58 0.598789
137 59 0.606206
137 60 0.613603
137 61 0.620833
137 62 0.628051
137 63 0.635108
137 64 0.642165
137 65 0.649067
137 66 0.655979
137 67 0.662744
137 68 0.669531
137 69 0.676180
137 70 0.682862
137 71 0.689415
137 72 0.696013
137 73 0.702492
137 74 0.709028
137 75 0.715456
137 76 0.721953
137 77 0.728352
137 78 0.734833
137 79 0.741227
137 80 0.747714
137 81 0.754126
137 82 0.760643
137 83 0.767096
137 84 0.773667
137 85 0.780185
137 86 0.786832
137 87 0.793438
137 88 0.800186
137 89 0.806903
137 90 0.813775
137 91 0.820627
137 92 0.827645
137 93 0.834656
137 94 0.841844
137 95 0.849037
137 96 0.856419
137 97 0.863819
137 98 0.871419
137 99 0.879050
137 100 0.886893
138 1 0.011699
138 2 0.023394
138 3 0.035087
138 4 0.046766
138 5 0.058440
138 6 0.070093
138 7 0.081738
138 8 0.093352
138 9 0.104955
138 10 0.116520
138 11 0.128071
138 12 0.139574
138 13 0.151060
138 14 0.162490
138 15 0.173900
138 16 0.185244
138 17 0.196566
138 18 0.207813
138 19 0.219033
138 20 0.230171
138 21 0.241279
138 22 0.252294
138 23 0.263277
138 24 0.274158
138 25 0.285004
138 26 0.295739
138 27 0.306435
138 28 0.317012
138 29 0.327546
138 30 0.337953
138 31 0.348315
138 32 0.358542
138 33 0.368721
138 34 0.378756
138 35 0.388742
138 36 0.398577
138 37 0.408360
138 38 0.417987
138 39 0.427561
138 40 0.436972
138 41 0.446329
138 42 0.455519
138 43 0.464655
138 44 0.473620
138 45 0.482532
138 46 0.491269
138 47 0.499955
138 48 0.508465
138 49 0.516926
138 50 0.525210
138 51 0.533450
138 52 0.541512
138 53 0.549534
138 54 0.557380
138 55 0.565191
138 56 0.572829
138 57 0.580440
138 58 0.587880
138 59 0.595300
138 60 0.602554
138 61 0.609796
138 62 0.616879
138 63 0.623958
138 64 0.630884
138 65 0.637817
138 66 0.644603
138 67 0.651407
138 68 0.658073
138 69 0.664766
138 70 0.671330
138 71 0.677933
138 72 0.684415
138 73 0.690948
138 74 0.697370
138 75 0.703855
138 76 0.710238
138 77 0.716696
138 78 0.723063
138 79 0.729516
138 80 0.735889
138 81 0.742360
138 82 0.748760
138 83 0.755271
138 84 0.761722
138 85 0.768294
138 86 0.774819
138 87 0.781476
138 88 0.788096
138 89 0.794860
138 90 0.801598
138 91 0.808492
138 92 0.815371
138 93 0.822417
138 94 0.829459
138 95 0.836679
138 96 0.843907
138 97 0.851326
138 98 0.858764
138 99 0.866403
138 100 0.874075
139 1 0.011461
139 2 0.022921
139 3 0.034373
139 4 0.045820
139 5 0.057251
139 6 0.068675
139 7 0.080074
139 8 0.091463
139 9 0.102819
139 10 0.114163
139 11 0.125464
139 12 0.136750
139 13 0.147986
139 14 0.159203
139 15 0.170361
139 16 0.181499
139 17 0.192568
139 18 0.203613
139 19 0.214581
139 20 0.225522
139 21 0.236377
139 22 0.247203
139 23 0.257934
139 24 0.268632
139 25 0.279227
139 26 0.289786
139 27 0.300234
139 28 0.310642
139 29 0.320931
139 30 0.331178
139 31 0.341298
139 32 0.351373
139 33 0.361314
139 34 0.371208
139 35 0.380959
139 36 0.390663
139 37 0.400218
139 38 0.409724
139 39 0.419075
139 40 0.428376
139 41 0.437517
139 42 0.446608
139 43 0.455535
139 44 0.464412
139 45 0.473122
139 46 0.481784
139 47 0.490276
139 48 0.498723
139 49 0.506998
139 50 0.515230
139 51 0.523291
139 52 0.531314
139 53 0.539165
139 54 0.546983
139 55 0.554631
139 56 0.562253
139 57 0.569707
139 58 0.577142
139 59 0.584413
139 60 0.591671
139 61 0.598771
139 62 0.605867
139 63 0.612810
139 64 0.619757
139 65 0.626559
139 66 0.633374
139 67 0.640051
139 68 0.646752
139 69 0.653322
139 70 0.659927
139 71 0.666409
139 72 0.672937
139 73 0.679351
139 74 0.685823
139 75 0.692189
139 76 0.698624
139 77 0.704964
139 78 0.711383
139 79 0.717718
139 80 0.724143
139 81 0.730493
139 82 0.736946
139 83 0.743333
139 84 0.749834
139 85 0.756281
139 86 0.762852
139 87 0.769379
139 88 0.776042
139 89 0.782671
139 90 0.789447
139 91 0.796200
139 92 0.803110
139 93 0.810009
139 94 0.817076
139 95 0.824141
139 96 0.831386
139 97 0.838641
139 98 0.846086
139 99 0.853553
139 100 0.861222
140 1 0.011227
140 2 0.022451
140 3 0.033671
140 4 0.044880
140 5 0.056083
140 6 0.067265
140 7 0.078440
140 8 0.089586
140 9 0.100721
140 10 0.111819
140 11 0.122905
140 12 0.133944
140 13 0.144968
140 14 0.155937
140 15 0.166888
140 16 0.177776
140 17 0.188644
140 18 0.199439
140 19 0.210211
140 20 0.220903
140 21 0.231568
140 22 0.242144
140 23 0.252692
140 24 0.263142
140 25 0.273560
140 26 0.283872
140 27 0.294150
140 28 0.304315
140 29 0.314442
140 30 0.324448
140 31 0.334414
140 32 0.344252
140 33 0.354048
140 34 0.363708
140 35 0.373325
140 36 0.382800
140 37 0.392230
140 38 0.401512
140 39 0.410748
140 40 0.419832
140 41 0.428869
140 42 0.437749
140 43 0.446583
140 44 0.455256
140 45 0.463884
140 46 0.472349
140 47 0.480771
140 48 0.489027
140 49 0.497244
140 50 0.505293
140 51 0.513307
140 52 0.521154
140 53 0.528970
140 54 0.536620
140 55 0.544243
140 56 0.551703
140 57 0.559143
140 58 0.566423
140 59 0.573690
140 60 0.580800
140 61 0.587905
140 62 0.594858
140 63 0.601814
140 64 0.608624
140 65 0.615446
140 66 0.622129
140 67 0.628833
140 68 0.635405
140 69 0.642009
140 70 0.648487
140 71 0.655008
140 72 0.661411
140 73 0.667867
140 74 0.674216
140 75 0.680627
140 76 0.686939
140 77 0.693325
140 78 0.699622
140 79 0.706003
140 80 0.712304
140 81 0.718701
140 82 0.725027
140 83 0.731459
140 84 0.737831
140 85 0.744320
140 86 0.750758
140 87 0.757325
140 88 0.763850
140 89 0.770514
140 90 0.777147
140 91 0.783929
140 92 0.790690
140 93 0.797611
140 94 0.804522
140 95 0.811603
140 96 0.818684
140 97 0.825945
140 98 0.833217
140 99 0.840680
140 100 0.848165
141 1 0.010995
141 2 0.021988
141 3 0.032974
141 4 0.043956
141 5 0.054921
141 6 0.065881
141 7 0.076816
141 8 0.087742
141 9 0.098636
141 10 0.109519
141 11 0.120360
141 12 0.131189
141 13 0.141968
141 14 0.152730
141 15 0.163436
141 16 0.174122
141 17 0.184743
141 18 0.195342
141 19 0.205868
141 20 0.216369
141 21 0.226788
141 22 0.237180
141 23 0.247481
141 24 0.257754
141 25 0.267927
141 26 0.278069
141 27 0.288105
141 28 0.298106
141 29 0.307993
141 30 0.317844
141 31 0.327573
141 32 0.337264
141 33 0.346827
141 34 0.356350
141 35 0.365737
141 36 0.375084
141 37 0.384289
141 38 0.393453
141 39 0.402470
141 40 0.411445
141 41 0.420269
141 42 0.429051
141 43 0.437678
141 44 0.446264
141 45 0.454693
141 46 0.463081
141 47 0.471309
141 48 0.479501
141 49 0.487530
141 50 0.495526
141 51 0.503360
141 52 0.511164
141 53 0.518806
141 54 0.526424
141 55 0.533881
141 56 0.541319
141 57 0.548599
141 58 0.555866
141 59 0.562979
141 60 0.570086
141 61 0.577043
141 62 0.584001
141 63 0.590814
141 64 0.597637
141 65 0.604321
141 66 0.611023
141 67 0.617593
141 68 0.624191
141 69 0.630662
141 70 0.637172
141 71 0.643563
141 72 0.650001
141 73 0.656330
141 74 0.662716
141 75 0.669000
141 76 0.675352
141 77 0.681611
141 78 0.687949
141 79 0.694202
141 80 0.700544
141 81 0.706811
141 82 0.713177
141 83 0.719478
141 84 0.725888
141 85 0.732241
141 86 0.738715
141 87 0.745141
141 88 0.751698
141 89 0.758217
141 90 0.764876
141 91 0.771508
141 92 0.778290
141 93 0.785054
141 94 0.791977
141 95 0.798893
141 96 0.805979
141 97 0.813067
141 98 0.820334
141 99 0.827615
141 100 0.835084
142 1 0.010766
142 2 0.021529
142 3 0.032289
142 4 0.043037
142 5 0.053781
142 6 0.064504
142 7 0.075220
142 8 0.085909
142 9 0.096588
142 10 0.107231
142 11 0.117862
142 12 0.128449
142 13 0.139022
142 14 0.149542
142 15 0.160046
142 16 0.170489
142 17 0.180914
142 18 0.191270
142 19 0.201604
142 20 0.211862
142 21 0.222095
142 22 0.232245
142 23 0.242367
142 24 0.252398
142 25 0.262399
142 26 0.272301
142 27 0.282171
142 28 0.291934
142 29 0.301664
142 30 0.311279
142 31 0.320859
142 32 0.330318
142 33 0.339740
142 34 0.349034
142 35 0.358290
142 36 0.367412
142 37 0.376495
142 38 0.385439
142 39 0.394343
142 40 0.403104
142 41 0.411825
142 42 0.420398
142 43 0.428933
142 44 0.437316
142 45 0.445662
142 46 0.453854
142 47 0.462012
142 48 0.470013
142 49 0.477982
142 50 0.485794
142 51 0.493578
142 52 0.501204
142 53 0.508807
142 54 0.516254
142 55 0.523681
142 56 0.530954
142 57 0.538214
142 58 0.545323
142 59 0.552424
142 60 0.559378
142 61 0.566332
142 62 0.573142
142 63 0.579960
142 64 0.586640
142 65 0.593335
142 66 0.599898
142 67 0.606486
142 68 0.612947
142 69 0.619442
142 70 0.625817
142 71 0.632236
142 72 0.638542
142 73 0.644902
142 74 0.651157
142 75 0.657474
142 76 0.663696
142 77 0.669990
142 78 0.676196
142 79 0.682484
142 80 0.688694
142 81 0.694996
142 82 0.701227
142 83 0.707561
142 84 0.713833
142 85 0.720218
142 86 0.726549
142 87 0.733003
142 88 0.739414
142 89 0.745956
142 90 0.752464
142 91 0.759113
142 92 0.765737
142 93 0.772512
142 94 0.779271
142 95 0.786191
142 96 0.793104
142 97 0.800186
142 98 0.807271
142 99 0.814535
142 100 0.821812
143 1 0.010539
143 2 0.021077
143 3 0.031608
143 4 0.042135
143 5 0.052646
143 6 0.063152
143 7 0.073634
143 8 0.084108
143 9 0.094551
143 10 0.104984
143 11 0.115377
143 12 0.125758
143 13 0.136092
143 14 0.146411
143 15 0.156675
143 16 0.166922
143 17 0.177106
143 18 0.187270
143 19 0.197364
143 20 0.207436
143 21 0.217430
143 22 0.227399
143 23 0.237282
143 24 0.247139
143 25 0.256903
143 26 0.266638
143 27 0.276272
143 28 0.285875
143 29 0.295371
143 30 0.304835
143 31 0.314183
143 32 0.323498
143 33 0.332692
143 34 0.341851
143 35 0.350882
143 36 0.359878
143 37 0.368741
143 38 0.377568
143 39 0.386258
143 40 0.394911
143 41 0.403422
143 42 0.411898
143 43 0.420228
143 44 0.428524
143 45 0.436671
143 46 0.444786
143 47 0.452750
143 48 0.460684
143 49 0.468466
143 50 0.476221
143 51 0.483824
143 52 0.491404
143 53 0.498832
143 54 0.506242
143 55 0.513500
143 56 0.520746
143 57 0.527843
143 58 0.534932
143 59 0.541876
143 60 0.548819
143 61 0.555620
143 62 0.562428
143 63 0.569097
143 64 0.575781
143 65 0.582332
143 66 0.588906
143 67 0.595352
143 68 0.601829
143 69 0.608186
143 70 0.614582
143 71 0.620864
143 72 0.627195
143 73 0.633419
143 74 0.639701
143 75 0.645884
143 76 0.652135
143 77 0.658294
143 78 0.664530
143 79 0.670683
143 80 0.676922
143 81 0.683086
143 82 0.689347
143 83 0.695540
143 84 0.701839
143 85 0.708080
143 86 0.714436
143 87 0.720743
143 88 0.727173
143 89 0.733563
143 90 0.740086
143 91 0.746577
143 92 0.753210
143 93 0.759820
143 94 0.766580
143 95 0.773327
143 96 0.780233
143 97 0.787134
143 98 0.794203
143 99 0.801277
143 100 0.808526
144 1 0.010316
144 2 0.020628
144 3 0.030938
144 4 0.041237
144 5 0.051531
144 6 0.061806
144 7 0.072075
144 8 0.082317
144 9 0.092550
144 10 0.102748
144 11 0.112936
144 12 0.123081
144 13 0.133214
144 14 0.143296
144 15 0.153364
144 16 0.163373
144 17 0.173366
144 18 0.183293
144 19 0.193200
144 20 0.203035
144 21 0.212848
144 22 0.222580
144 23 0.232289
144 24 0.241910
144 25 0.251505
144 26 0.261006
144 27 0.270479
144 28 0.279849
144 29 0.289191
144 30 0.298424
144 31 0.307627
144 32 0.316715
144 33 0.325770
144 34 0.334705
144 35 0.343607
144 36 0.352383
144 37 0.361125
144 38 0.369737
144 39 0.378314
144 40 0.386756
144 41 0.395165
144 42 0.403435
144 43 0.411673
144 44 0.419767
144 45 0.427832
144 46 0.435751
144 47 0.443642
144 48 0.451387
144 49 0.459106
144 50 0.466677
144 51 0.474226
144 52 0.481628
144 53 0.489012
144 54 0.496249
144 55 0.503472
144 56 0.510551
144 57 0.517621
144 58 0.524549
144 59 0.531475
144 60 0.538261
144 61 0.545052
144 62 0.551706
144 63 0.558373
144 64 0.564908
144 65 0.571462
144 66 0.577890
144 67 0.584346
144 68 0.590680
144 69 0.597051
144 70 0.603306
144 71 0.609606
144 72 0.615798
144 73 0.622043
144 74 0.628187
144 75 0.634393
144 76 0.640506
144 77 0.646689
144 78 0.652786
144 79 0.658964
144 80 0.665063
144 81 0.671251
144 82 0.677369
144 83 0.683586
144 84 0.689739
144 85 0.696001
144 86 0.702207
144 87 0.708531
144 88 0.714807
144 89 0.721209
144 90 0.727573
144 91 0.734071
144 92 0.740539
144 93 0.747149
144 94 0.753738
144 95 0.760477
144 96 0.767203
144 97 0.774087
144 98 0.780967
144 99 0.788013
144 100 0.795063
145 1 0.010094
145 2 0.020187
145 3 0.030272
145 4 0.040355
145 5 0.050422
145 6 0.060484
145 7 0.070524
145 8 0.080557
145 9 0.090559
145 10 0.100552
145 11 0.110508
145 12 0.120452
145 13 0.130351
145 14 0.140237
145 15 0.150070
145 16 0.159888
145 17 0.169645
145 18 0.179385
145 19 0.189058
145 20 0.198711
145 21 0.208289
145 22 0.217846
145 23 0.227321
145 24 0.236773
145 25 0.246136
145 26 0.255473
145 27 0.264715
145 28 0.273930
145 29 0.283043
145 30 0.292128
145 31 0.301104
145 32 0.310051
145 33 0.318883
145 34 0.327685
145 35 0.336367
145 36 0.345019
145 37 0.353545
145 38 0.362041
145 39 0.370406
145 40 0.378742
145 41 0.386943
145 42 0.395116
145 43 0.403151
145 44 0.411158
145 45 0.419025
145 46 0.426865
145 47 0.434564
145 48 0.442239
145 49 0.449772
145 50 0.457283
145 51 0.464651
145 52 0.472002
145 53 0.479210
145 54 0.486405
145 55 0.493458
145 56 0.500503
145 57 0.507408
145 58 0.514310
145 59 0.521075
145 60 0.527844
145 61 0.534478
145 62 0.541122
145 63 0.547636
145 64 0.554167
145 65 0.560572
145 66 0.567002
145 67 0.573311
145 68 0.579653
145 69 0.585879
145 70 0.592146
145 71 0.598303
145 72 0.604510
145 73 0.610613
145 74 0.616774
145 75 0.622839
145 76 0.628970
145 77 0.635012
145 78 0.641129
145 79 0.647164
145 80 0.653282
145 81 0.659326
145 82 0.665462
145 83 0.671531
145 84 0.677702
145 85 0.683812
145 86 0.690033
145 87 0.696201
145 88 0.702488
145 89 0.708730
145 90 0.715099
145 91 0.721431
145 92 0.727898
145 93 0.734336
145 94 0.740916
145 95 0.747476
145 96 0.754185
145 97 0.760881
145 98 0.767734
145 99 0.774583
145 100 0.781595
146 1 0.009876
146 2 0.019748
146 3 0.029618
146 4 0.039477
146 5 0.049332
146 6 0.059169
146 7 0.069000
146 8 0.078805
146 9 0.088603
146 10 0.098367
146 11 0.108121
146 12 0.117835
146 13 0.127538
146 14 0.137192
146 15 0.146833
146 16 0.156419
146 17 0.165989
146 18 0.175497
146 19 0.184988
146 20 0.194409
146 21 0.203811
146 22 0.213136
146 23 0.222441
146 24 0.231662
146 25 0.240860
146 26 0.249968
146 27 0.259053
146 28 0.268040
146 29 0.277003
146 30 0.285862
146 31 0.294695
146 32 0.303419
146 33 0.312115
146 34 0.320698
146 35 0.329252
146 36 0.337687
146 37 0.346094
146 38 0.354377
146 39 0.362633
146 40 0.370760
146 41 0.378859
146 42 0.386828
146 43 0.394770
146 44 0.402577
146 45 0.410361
146 46 0.418007
146 47 0.425631
146 48 0.433117
146 49 0.440583
146 50 0.447911
146 51 0.455222
146 52 0.462394
146 53 0.469553
146 54 0.476574
146 55 0.483587
146 56 0.490463
146 57 0.497336
146 58 0.504074
146 59 0.510815
146 60 0.517423
146 61 0.524040
146 62 0.530527
146 63 0.537031
146 64 0.543409
146 65 0.549809
146 66 0.556089
146 67 0.562398
146 68 0.568592
146 69 0.574823
146 70 0.580943
146 71 0.587110
146 72 0.593171
146 73 0.599286
146 74 0.605303
146 75 0.611381
146 76 0.617368
146 77 0.623424
146 78 0.629396
146 79 0.635445
146 80 0.641417
146 81 0.647475
146 82 0.653462
146 83 0.659544
146 84 0.665562
146 85 0.671683
146 86 0.677748
146 87 0.683923
146 88 0.690050
146 89 0.696294
146 90 0.702498
146 91 0.708827
146 92 0.715122
146 93 0.721551
146 94 0.727952
146 95 0.734495
146 96 0.741017
146 97 0.747687
146 98 0.754346
146 99 0.761157
146 100 0.767964
147 1 0.009659
147 2 0.019316
147 3 0.028967
147 4 0.038614
147 5 0.048247
147 6 0.057876
147 7 0.067483
147 8 0.077084
147 9 0.086655
147 10 0.096219
147 11 0.105746
147 12 0.115264
147 13 0.124738
147 14 0.134200
147 15 0.143612
147 16 0.153010
147 17 0.162351
147 18 0.171677
147 19 0.180937
147 20 0.190181
147 21 0.199354
147 22 0.208508
147 23 0.217583
147 24 0.226639
147 25 0.235610
147 26 0.244559
147 27 0.253417
147 28 0.262252
147 29 0.270989
147 30 0.279703
147 31 0.288314
147 32 0.296900
147 33 0.305377
147 34 0.313829
147 35 0.322167
147 36 0.330480
147 37 0.338674
147 38 0.346842
147 39 0.354888
147 40 0.362910
147 41 0.370804
147 42 0.378675
147 43 0.386417
147 44 0.394135
147 45 0.401723
147 46 0.409289
147 47 0.416722
147 48 0.424136
147 49 0.431416
147 50 0.438680
147 51 0.445810
147 52 0.452927
147 53 0.459910
147 54 0.466884
147 55 0.473725
147 56 0.480563
147 57 0.487268
147 58 0.493975
147 59 0.500551
147 60 0.507136
147 61 0.513593
147 62 0.520063
147 63 0.526410
147 64 0.532776
147 65 0.539023
147 66 0.545297
147 67 0.551455
147 68 0.557647
147 69 0.563729
147 70 0.569852
147 71 0.575870
147 72 0.581937
147 73 0.587905
147 74 0.593930
147 75 0.599861
147 76 0.605857
147 77 0.611766
147 78 0.617747
147 79 0.623648
147 80 0.629630
147 81 0.635537
147 82 0.641533
147 83 0.647462
147 84 0.653487
147 85 0.659451
147 86 0.665519
147 87 0.671534
147 88 0.677660
147 89 0.683740
147 90 0.689938
147 91 0.696096
147 92 0.702381
147 93 0.708632
147 94 0.715015
147 95 0.721373
147 96 0.727869
147 97 0.734347
147 98 0.740969
147 99 0.747578
147 100 0.754338
148 1 0.009445
148 2 0.018886
148 3 0.028326
148 4 0.037755
148 5 0.047181
148 6 0.056589
148 7 0.065992
148 8 0.075370
148 9 0.084741
148 10 0.094081
148 11 0.103412
148 12 0.112704
148 13 0.121986
148 14 0.131222
148 15 0.140446
148 16 0.149617
148 17 0.158775
148 18 0.167873
148 19 0.176956
148 20 0.185973
148 21 0.194973
148 22 0.203900
148 23 0.212809
148 24 0.221638
148 25 0.230448
148 26 0.239173
148 27 0.247876
148 28 0.256488
148 29 0.265078
148 30 0.273571
148 31 0.282041
148 32 0.290408
148 33 0.298752
148 34 0.306988
148 35 0.315200
148 36 0.323300
148 37 0.331376
148 38 0.339335
148 39 0.347271
148 40 0.355086
148 41 0.362879
148 42 0.370548
148 43 0.378196
148 44 0.385718
148 45 0.393220
148 46 0.400593
148 47 0.407949
148 48 0.415175
148 49 0.422386
148 50 0.429466
148 51 0.436536
148 52 0.443473
148 53 0.450404
148 54 0.457203
148 55 0.463999
148 56 0.470666
148 57 0.477334
148 58 0.483873
148 59 0.490420
148 60 0.496841
148 61 0.503274
148 62 0.509585
148 63 0.515914
148 64 0.522124
148 65 0.528358
148 66 0.534477
148 67 0.540628
148 68 0.546668
148 69 0.552746
148 70 0.558718
148 71 0.564736
148 72 0.570654
148 73 0.576624
148 74 0.582499
148 75 0.588435
148 76 0.594281
148 77 0.600195
148 78 0.606026
148 79 0.611932
148 80 0.617761
148 81 0.623674
148 82 0.629515
148 83 0.635447
148 84 0.641314
148 85 0.647280
148 86 0.653187
148 87 0.659199
148 88 0.665160
148 89 0.671232
148 90 0.677260
148 91 0.683406
148 92 0.689514
148 93 0.695746
148 94 0.701946
148 95 0.708278
148 96 0.714583
148 97 0.721025
148 98 0.727448
148 99 0.734012
148 100 0.740562
149 1 0.009232
149 2 0.018464
149 3 0.027689
149 4 0.036911
149 5 0.046119
149 6 0.055324
149 7 0.064507
149 8 0.073685
149 9 0.082835
149 10 0.091979
149 11 0.101087
149 12 0.110187
149 13 0.119245
149 14 0.128293
149 15 0.137293
149 16 0.146281
149 17 0.155214
149 18 0.164134
149 19 0.172992
149 20 0.181835
149 21 0.190610
149 22 0.199370
149 23 0.208054
149 24 0.216722
149 25 0.225309
149 26 0.233877
149 27 0.242359
149 28 0.250821
149 29 0.259191
149 30 0.267541
149 31 0.275793
149 32 0.284024
149 33 0.292152
149 34 0.300259
149 35 0.308258
149 36 0.316237
149 37 0.324103
149 38 0.331949
149 39 0.339678
149 40 0.347388
149 41 0.354978
149 42 0.362550
149 43 0.369999
149 44 0.377430
149 45 0.384738
149 46 0.392029
149 47 0.399195
149 48 0.406347
149 49 0.413372
149 50 0.420386
149 51 0.427273
149 52 0.434153
149 53 0.440906
149 54 0.447655
149 55 0.454277
149 56 0.460901
149 57 0.467398
149 58 0.473902
149 59 0.480282
149 60 0.486674
149 61 0.492944
149 62 0.499231
149 63 0.505400
149 64 0.511591
149 65 0.517668
149 66 0.523774
149 67 0.529769
149 68 0.535800
149 69 0.541725
149 70 0.547692
149 71 0.553557
149 72 0.559471
149 73 0.565290
149 74 0.571164
149 75 0.576947
149 76 0.582794
149 77 0.588556
149 78 0.594388
149 79 0.600140
149 80 0.605970
149 81 0.611727
149 82 0.617568
149 83 0.623341
149 84 0.629207
149 85 0.635010
149 86 0.640912
149 87 0.646759
149 88 0.652711
149 89 0.658613
149 90 0.664627
149 91 0.670597
149 92 0.676685
149 93 0.682736
149 94 0.688910
149 95 0.695052
149 96 0.701323
149 97 0.707568
149 98 0.713947
149 99 0.720305
149 100 0.726801
150 1 0.009023
150 2 0.018043
150 3 0.027062
150 4 0.036070
150 5 0.045075
150 6 0.054063
150 7 0.063047
150 8 0.072007
150 9 0.080961
150 10 0.089885
150 11 0.098801
150 12 0.107680
150 13 0.116550
150 14 0.125377
150 15 0.134193
150 16 0.142958
150 17 0.151712
150 18 0.160409
150 19 0.169093
150 20 0.177714
150 21 0.186320
150 22 0.194857
150 23 0.203379
150 24 0.211825
150 25 0.220254
150 26 0.228602
150 27 0.236932
150 28 0.245175
150 29 0.253400
150 30 0.261533
150 31 0.269646
150 32 0.277662
150 33 0.285659
150 34 0.293553
150 35 0.301428
150 36 0.309197
150 37 0.316946
150 38 0.324585
150 39 0.332205
150 40 0.339711
150 41 0.347200
150 42 0.354571
150 43 0.361927
150 44 0.369162
150 45 0.376383
150 46 0.383482
150 47 0.390569
150 48 0.397533
150 49 0.404487
150 50 0.411318
150 51 0.418142
150 52 0.424841
150 53 0.431538
150 54 0.438110
150 55 0.444684
150 56 0.451135
150 57 0.457591
150 58 0.463925
150 59 0.470270
150 60 0.476496
150 61 0.482736
150 62 0.488860
150 63 0.495005
150 64 0.501036
150 65 0.507094
150 66 0.513042
150 67 0.519023
150 68 0.524897
150 69 0.530810
150 70 0.536622
150 71 0.542479
150 72 0.548240
150 73 0.554052
150 74 0.559772
150 75 0.565552
150 76 0.571244
150 77 0.577003
150 78 0.582679
150 79 0.588428
150 80 0.594101
150 81 0.599854
150 82 0.605536
150 83 0.611304
150 84 0.617007
150 85 0.622803
150 86 0.628539
150 87 0.634375
150 88 0.640157
150 89 0.646044
150 90 0.651883
150 91 0.657833
150 92 0.663740
150 93 0.669764
150 94 0.675750
150 95 0.681859
150 96 0.687935
150 97 0.694137
150 98 0.700313
150 99 0.706619
150 100 0.712902
