101 51 1.069640
101 52 1.080135
101 53 1.089628
101 54 1.098275
101 55 1.105962
101 56 1.112864
101 57 1.118880
101 58 1.124203
101 59 1.128738
101 60 1.132691
101 61 1.135968
101 62 1.138785
101 63 1.141045
101 64 1.142967
101 65 1.144449
101 66 1.145709
101 67 1.146638
101 68 1.147452
101 69 1.148031
101 70 1.148591
101 71 1.149000
101 72 1.149471
101 73 1.149864
101 74 1.150386
101 75 1.150889
101 76 1.151579
101 77 1.152299
101 78 1.153252
101 79 1.154274
101 80 1.155566
101 81 1.156959
101 82 1.158653
101 83 1.160471
101 84 1.162614
101 85 1.164900
101 86 1.167530
101 87 1.170318
101 88 1.173463
101 89 1.176778
101 90 1.180460
101 91 1.184320
101 92 1.188554
101 93 1.192972
101 94 1.197768
101 95 1.202751
101 96 1.208114
101 97 1.213664
101 98 1.219594
101 99 1.225709
101 100 1.232201
102 51 1.046964
102 52 1.057395
102 53 1.067037
102 54 1.075764
102 55 1.083741
102 56 1.090855
102 57 1.097286
102 58 1.102929
102 59 1.107980
102 60 1.112337
102 61 1.116205
102 62 1.119481
102 63 1.122379
102 64 1.124791
102 65 1.126933
102 66 1.128692
102 67 1.130284
102 68 1.131588
102 69 1.132818
102 70 1.133846
102 71 1.134882
102 72 1.135790
102 73 1.136778
102 74 1.137701
102 75 1.138765
102 76 1.139816
102 77 1.141060
102 78 1.142334
102 79 1.143842
102 80 1.145415
102 81 1.147258
102 82 1.149194
102 83 1.151426
102 84 1.153776
102 85 1.156443
102 86 1.159246
102 87 1.162383
102 88 1.165669
102 89 1.169304
102 90 1.173098
102 91 1.177251
102 92 1.181570
102 93 1.186255
102 94 1.191112
102 95 1.196337
102 96 1.201739
102 97 1.207510
102 98 1.213457
102 99 1.219774
102 100 1.226265
103 51 1.025090
103 52 1.035587
103 53 1.045222
103 54 1.054148
103 55 1.062243
103 56 1.069677
103 57 1.076335
103 58 1.082402
103 59 1.087768
103 60 1.092630
103 61 1.096879
103 62 1.100720
103 63 1.104041
103 64 1.107052
103 65 1.109639
103 66 1.112014
103 67 1.114054
103 68 1.115972
103 69 1.117640
103 70 1.119268
103 71 1.120721
103 72 1.122208
103 73 1.123584
103 74 1.125058
103 75 1.126477
103 76 1.128047
103 77 1.129610
103 78 1.131370
103 79 1.133161
103 80 1.135188
103 81 1.137277
103 82 1.139633
103 83 1.142079
103 84 1.144816
103 85 1.147664
103 86 1.150823
103 87 1.154110
103 88 1.157725
103 89 1.161481
103 90 1.165577
103 91 1.169824
103 92 1.174420
103 93 1.179175
103 94 1.184285
103 95 1.189559
103 96 1.195192
103 97 1.200991
103 98 1.207150
103 99 1.213476
103 100 1.220160
104 51 1.004086
104 52 1.014505
104 53 1.024261
104 54 1.033224
104 55 1.041554
104 56 1.049130
104 57 1.056127
104 58 1.062427
104 59 1.068218
104 60 1.073385
104 61 1.078124
104 62 1.082321
104 63 1.086178
104 64 1.089578
104 65 1.092728
104 66 1.095505
104 67 1.098118
104 68 1.100439
104 69 1.102677
104 70 1.104696
104 71 1.106706
104 72 1.108563
104 73 1.110476
104 74 1.112293
104 75 1.114223
104 76 1.116107
104 77 1.118152
104 78 1.120194
104 79 1.122437
104 80 1.124713
104 81 1.127224
104 82 1.129797
104 83 1.132635
104 84 1.135558
104 85 1.138769
104 86 1.142085
104 87 1.145707
104 88 1.149451
104 89 1.153516
104 90 1.157715
104 91 1.162247
104 92 1.166921
104 93 1.171938
104 94 1.177105
104 95 1.182620
104 96 1.188289
104 97 1.194309
104 98 1.200486
104 99 1.207016
104 100 1.213702
105 51 0.983756
105 52 0.994230
105 53 1.003953
105 54 1.013078
105 55 1.021477
105 56 1.029315
105 57 1.036468
105 58 1.043117
105 59 1.049140
105 60 1.054726
105 61 1.059756
105 62 1.064425
105 63 1.068613
105 64 1.072522
105 65 1.076026
105 66 1.079332
105 67 1.082309
105 68 1.085165
105 69 1.087763
105 70 1.090313
105 71 1.092671
105 72 1.095045
105 73 1.097286
105 74 1.099602
105 75 1.101836
105 76 1.104194
105 77 1.106516
105 78 1.109006
105 79 1.111497
105 80 1.114194
105 81 1.116924
105 82 1.119891
105 83 1.122918
105 84 1.126208
105 85 1.129580
105 86 1.133237
105 87 1.136994
105 88 1.141053
105 89 1.145228
105 90 1.149718
105 91 1.154336
105 92 1.159280
105 93 1.164361
105 94 1.169777
105 95 1.175335
105 96 1.181234
105 97 1.187280
105 98 1.193670
105 99 1.200209
105 100 1.207092
106 51 0.964184
106 52 0.974568
106 53 0.984390
106 54 0.993518
106 55 1.002110
106 56 1.010037
106 57 1.017470
106 58 1.024283
106 59 1.030658
106 60 1.036471
106 61 1.041911
106 62 1.046853
106 63 1.051495
106 64 1.055708
106 65 1.059694
106 66 1.063322
106 67 1.066795
106 68 1.069979
106 69 1.073077
106 70 1.075949
106 71 1.078801
106 72 1.081485
106 73 1.084207
106 74 1.086814
106 75 1.089511
106 76 1.092138
106 77 1.094901
106 78 1.097635
106 79 1.100544
106 80 1.103458
106 81 1.106581
106 82 1.109739
106 83 1.113134
106 84 1.116588
106 85 1.120304
106 86 1.124099
106 87 1.128177
106 88 1.132350
106 89 1.136822
106 90 1.141404
106 91 1.146297
106 92 1.151312
106 93 1.156648
106 94 1.162114
106 95 1.167909
106 96 1.173841
106 97 1.180107
106 98 1.186513
106 99 1.193257
106 100 1.200143
107 51 0.945183
107 52 0.955612
107 53 0.965382
107 54 0.974643
107 55 0.983264
107 56 0.991407
107 57 0.998942
107 58 1.006045
107 59 1.012586
107 60 1.018750
107 61 1.024406
107 62 1.029748
107 63 1.034644
107 64 1.039291
107 65 1.043556
107 66 1.047639
107 67 1.051404
107 68 1.055054
107 69 1.058446
107 70 1.061786
107 71 1.064925
107 72 1.068070
107 73 1.071067
107 74 1.074122
107 75 1.077076
107 76 1.080135
107 77 1.083134
107 78 1.086279
107 79 1.089402
107 80 1.092706
107 81 1.096018
107 82 1.099544
107 83 1.103104
107 84 1.106903
107 85 1.110760
107 86 1.114878
107 87 1.119073
107 88 1.123548
107 89 1.128115
107 90 1.132978
107 91 1.137946
107 92 1.143222
107 93 1.148614
107 94 1.154323
107 95 1.160156
107 96 1.166314
107 97 1.172602
107 98 1.179219
107 99 1.185971
107 100 1.193055
108 51 0.926848
108 52 0.937178
108 53 0.947029
108 54 0.956266
108 55 0.965046
108 56 0.973236
108 57 0.981004
108 58 0.988217
108 59 0.995053
108 60 1.001379
108 61 1.007382
108 62 1.012929
108 63 1.018211
108 64 1.023092
108 65 1.027771
108 66 1.032109
108 67 1.036305
108 68 1.040217
108 69 1.044048
108 70 1.047650
108 71 1.051227
108 72 1.054627
108 73 1.058055
108 74 1.061352
108 75 1.064724
108 76 1.068009
108 77 1.071411
108 78 1.074763
108 79 1.078270
108 80 1.081760
108 81 1.085437
108 82 1.089126
108 83 1.093031
108 84 1.096971
108 85 1.101152
108 86 1.105390
108 87 1.109889
108 88 1.114462
108 89 1.119314
108 90 1.124255
108 91 1.129488
108 92 1.134824
108 93 1.140463
108 94 1.146215
108 95 1.152279
108 96 1.158464
108 97 1.164968
108 98 1.171599
108 99 1.178554
108 100 1.185639
109 51 0.909001
109 52 0.919367
109 53 0.929148
109 54 0.938496
109 55 0.947273
109 56 0.955643
109 57 0.963470
109 58 0.970925
109 59 0.977873
109 60 0.984496
109 61 0.990656
109 62 0.996542
109 63 1.002015
109 64 1.007269
109 65 1.012163
109 66 1.016895
109 67 1.021320
109 68 1.025640
109 69 1.029706
109 70 1.033720
109 71 1.037530
109 72 1.041341
109 73 1.044994
109 74 1.048694
109 75 1.052280
109 76 1.055956
109 77 1.059556
109 78 1.063285
109 79 1.066971
109 80 1.070821
109 81 1.074658
109 82 1.078689
109 83 1.082734
109 84 1.086997
109 85 1.091298
109 86 1.095840
109 87 1.100439
109 88 1.105298
109 89 1.110230
109 90 1.115440
109 91 1.120736
109 92 1.126322
109 93 1.132008
109 94 1.137995
109 95 1.144090
109 96 1.150495
109 97 1.157017
109 98 1.163855
109 99 1.170815
109 100 1.178096
110 51 0.891745
110 52 0.902002
110 53 0.911850
110 54 0.921151
110 55 0.930062
110 56 0.938444
110 57 0.946465
110 58 0.953986
110 59 0.961183
110 60 0.967917
110 61 0.974371
110 62 0.980406
110 63 0.986209
110 64 0.991640
110 65 0.996891
110 66 1.001818
110 67 1.006619
110 68 1.011145
110 69 1.015596
110 70 1.019819
110 71 1.024018
110 72 1.028035
110 73 1.032073
110 74 1.035971
110 75 1.039935
110 76 1.043797
110 77 1.047763
110 78 1.051663
110 79 1.055703
110 80 1.059707
110 81 1.063882
110 82 1.068049
110 83 1.072415
110 84 1.076797
110 85 1.081401
110 86 1.086043
110 87 1.090928
110 88 1.095869
110 89 1.101071
110 90 1.106345
110 91 1.111895
110 92 1.117530
110 93 1.123453
110 94 1.129473
110 95 1.135792
110 96 1.142218
110 97 1.148950
110 98 1.155796
110 99 1.162956
110 100 1.170236
111 51 0.874905
111 52 0.885192
111 53 0.894956
111 54 0.904348
111 55 0.913231
111 56 0.921763
111 57 0.929808
111 58 0.937533
111 59 0.944799
111 60 0.951784
111 61 0.958346
111 62 0.964670
111 63 0.970612
111 64 0.976363
111 65 0.981776
111 66 0.987045
111 67 0.992022
111 68 0.996904
111 69 1.001539
111 70 1.006127
111 71 1.010511
111 72 1.014893
111 73 1.019112
111 74 1.023372
111 75 1.027509
111 76 1.031725
111 77 1.035853
111 78 1.040097
111 79 1.044283
111 80 1.048618
111 81 1.052925
111 82 1.057409
111 83 1.061890
111 84 1.066573
111 85 1.071276
111 86 1.076203
111 87 1.081170
111 88 1.086380
111 89 1.091648
111 90 1.097176
111 91 1.102775
111 92 1.108650
111 93 1.114608
111 94 1.120854
111 95 1.127195
111 96 1.133834
111 97 1.140577
111 98 1.147625
111 99 1.154785
111 100 1.162257
112 51 0.858595
112 52 0.868764
112 53 0.878583
112 54 0.887910
112 55 0.896903
112 56 0.905421
112 57 0.913628
112 58 0.921384
112 59 0.928860
112 60 0.935915
112 61 0.942727
112 62 0.949154
112 63 0.955379
112 64 0.961258
112 65 0.966979
112 66 0.972395
112 67 0.977699
112 68 0.982739
112 69 0.987712
112 70 0.992462
112 71 0.997190
112 72 1.001735
112 73 1.006298
112 74 1.010717
112 75 1.015193
112 76 1.019559
112 77 1.024019
112 78 1.028401
112 79 1.032910
112 80 1.037371
112 81 1.041988
112 82 1.046582
112 83 1.051360
112 84 1.056139
112 85 1.061125
112 86 1.066132
112 87 1.071367
112 88 1.076643
112 89 1.082164
112 90 1.087743
112 91 1.093582
112 92 1.099493
112 93 1.105678
112 94 1.111947
112 95 1.118503
112 96 1.125153
112 97 1.132099
112 98 1.139149
112 99 1.146503
112 100 1.153969
113 51 0.842643
113 52 0.852835
113 53 0.862557
113 54 0.871960
113 55 0.880903
113 56 0.889547
113 57 0.897748
113 58 0.905676
113 59 0.913186
113 60 0.920454
113 61 0.927334
113 62 0.934008
113 63 0.940329
113 64 0.946483
113 65 0.952321
113 66 0.958033
113 67 0.963468
113 68 0.968820
113 69 0.973933
113 70 0.979005
113 71 0.983875
113 72 0.988745
113 73 0.993450
113 74 0.998192
113 75 1.002805
113 76 1.007490
113 77 1.012079
113 78 1.016773
113 79 1.021399
113 80 1.026162
113 81 1.030884
113 82 1.035770
113 83 1.040640
113 84 1.045697
113 85 1.050761
113 86 1.056034
113 87 1.061333
113 88 1.066861
113 89 1.072432
113 90 1.078249
113 91 1.084125
113 92 1.090262
113 93 1.096471
113 94 1.102955
113 95 1.109523
113 96 1.116377
113 97 1.123325
113 98 1.130570
113 99 1.137918
113 100 1.145570
114 51 0.827167
114 52 0.837234
114 53 0.847000
114 54 0.856323
114 55 0.865358
114 56 0.873963
114 57 0.882302
114 58 0.890230
114 59 0.897918
114 60 0.905221
114 61 0.912315
114 62 0.919052
114 63 0.925617
114 64 0.931858
114 65 0.937963
114 66 0.943780
114 67 0.949500
114 68 0.954968
114 69 0.960378
114 70 0.965572
114 71 0.970747
114 72 0.975740
114 73 0.980752
114 74 0.985616
114 75 0.990534
114 76 0.995336
114 77 1.000225
114 78 1.005027
114 79 1.009947
114 80 1.014808
114 81 1.019814
114 82 1.024786
114 83 1.029929
114 84 1.035060
114 85 1.040385
114 86 1.045720
114 87 1.051268
114 88 1.056844
114 89 1.062653
114 90 1.068506
114 91 1.074607
114 92 1.080768
114 93 1.087191
114 94 1.093687
114 95 1.100458
114 96 1.107314
114 97 1.114457
114 98 1.121694
114 99 1.129228
114 100 1.136867
115 51 0.811999
115 52 0.822083
115 53 0.831742
115 54 0.841126
115 55 0.850094
115 56 0.858805
115 57 0.867114
115 58 0.875187
115 59 0.882879
115 60 0.890363
115 61 0.897491
115 62 0.904441
115 63 0.911063
115 64 0.917542
115 65 0.923725
115 66 0.929801
115 67 0.935613
115 68 0.941354
115 69 0.946865
115 70 0.952342
115 71 0.957622
115 72 0.962904
115 73 0.968022
115 74 0.973176
115 75 0.978197
115 76 0.983287
115 77 0.988273
115 78 0.993358
115 79 0.998367
115 80 1.003503
115 81 1.008589
115 82 1.013828
115 83 1.019040
115 84 1.024428
115 85 1.029811
115 86 1.035391
115 87 1.040985
115 88 1.046796
115 89 1.052638
115 90 1.058715
115 91 1.064838
115 92 1.071211
115 93 1.077646
115 94 1.084344
115 95 1.091117
115 96 1.098166
115 97 1.105301
115 98 1.112723
115 99 1.120243
115 100 1.128059
116 51 0.797263
116 52 0.807215
116 53 0.816908
116 54 0.826199
116 55 0.835244
116 56 0.843896
116 57 0.852321
116 58 0.860370
116 59 0.868213
116 60 0.875702
116 61 0.883012
116 62 0.889993
116 63 0.896826
116 64 0.903357
116 65 0.909772
116 66 0.915915
116 67 0.921976
116 68 0.927796
116 69 0.933569
116 70 0.939132
116 71 0.944682
116 72 0.950053
116 73 0.955444
116 74 0.960687
116 75 0.965982
116 76 0.971157
116 77 0.976414
116 78 0.981579
116 79 0.986854
116 80 0.992063
116 81 0.997408
116 82 1.002709
116 83 1.008172
116 84 1.013613
116 85 1.019236
116 86 1.024858
116 87 1.030684
116 88 1.036525
116 89 1.042588
116 90 1.048685
116 91 1.055019
116 92 1.061402
116 93 1.068037
116 94 1.074735
116 95 1.081700
116 96 1.088740
116 97 1.096058
116 98 1.103464
116 99 1.111159
116 100 1.118954
117 51 0.782793
117 52 0.792756
117 53 0.802332
117 54 0.811673
117 55 0.820635
117 56 0.829375
117 57 0.837749
117 58 0.845921
117 59 0.853743
117 60 0.861387
117 61 0.868702
117 62 0.875865
117 63 0.882725
117 64 0.889461
117 65 0.895921
117 66 0.902289
117 67 0.908408
117 68 0.914467
117 69 0.920307
117 70 0.926120
117 71 0.931742
117 72 0.937369
117 73 0.942835
117 74 0.948336
117 75 0.953704
117 76 0.959137
117 77 0.964464
117 78 0.969884
117 79 0.975222
117 80 0.980681
117 81 0.986081
117 82 0.991627
117 83 0.997136
117 84 1.002812
117 85 1.008473
117 86 1.014322
117 87 1.020174
117 88 1.026234
117 89 1.032314
117 90 1.038618
117 91 1.044959
117 92 1.051541
117 93 1.058174
117 94 1.065061
117 95 1.072014
117 96 1.079235
117 97 1.086535
117 98 1.094115
117 99 1.101785
117 100 1.109747
118 51 0.768715
118 52 0.778541
118 53 0.788143
118 54 0.797379
118 55 0.806403
118 56 0.815069
118 57 0.823539
118 58 0.831666
118 59 0.839616
118 60 0.847240
118 61 0.854712
118 62 0.861878
118 63 0.868918
118 64 0.875677
118 65 0.882337
118 66 0.888742
118 67 0.895078
118 68 0.901186
118 69 0.907255
118 70 0.913123
118 71 0.918983
118 72 0.924669
118 73 0.930377
118 74 0.935938
118 75 0.941550
118 76 0.947041
118 77 0.952611
118 78 0.958085
118 79 0.963664
118 80 0.969170
118 81 0.974806
118 82 0.980392
118 83 0.986130
118 84 0.991838
118 85 0.997721
118 86 1.003592
118 87 1.009658
118 88 1.015730
118 89 1.022015
118 90 1.028323
118 91 1.034860
118 92 1.041436
118 93 1.048256
118 94 1.055130
118 95 1.062262
118 96 1.069461
118 97 1.076932
118 98 1.084484
118 99 1.092319
118 100 1.100249
119 51 0.754867
119 52 0.764698
119 53 0.774176
119 54 0.783451
119 55 0.792379
119 56 0.801118
119 57 0.809520
119 58 0.817750
119 59 0.825658
119 60 0.833414
119 61 0.840865
119 62 0.848188
119 63 0.855228
119 64 0.862165
119 65 0.868841
119 66 0.875441
119 67 0.881806
119 68 0.888123
119 69 0.894229
119 70 0.900317
119 71 0.906220
119 72 0.912133
119 73 0.917887
119 74 0.923678
119 75 0.929336
119 76 0.935058
119 77 0.940671
119 78 0.946375
119 79 0.951993
119 80 0.957725
119 81 0.963394
119 82 0.969201
119 83 0.974965
119 84 0.980888
119 85 0.986788
119 86 0.992868
119 87 0.998942
119 88 1.005215
119 89 1.011500
119 90 1.018000
119 91 1.024529
119 92 1.031289
119 93 1.038092
119 94 1.045141
119 95 1.052249
119 96 1.059617
119 97 1.067056
119 98 1.074769
119 99 1.082568
119 100 1.090653
120 51 0.741378
120 52 0.751066
120 53 0.760562
120 54 0.769722
120 55 0.778701
120 56 0.787351
120 57 0.795834
120 58 0.804000
120 59 0.812016
120 60 0.819731
120 61 0.827317
120 62 0.834618
120 63 0.841814
120 64 0.848746
120 65 0.855597
120 66 0.862206
120 67 0.868760
120 68 0.875097
120 69 0.881405
120 70 0.887520
120 71 0.893633
120 72 0.899577
120 73 0.905546
120 74 0.911371
120 75 0.917247
120 76 0.923001
120 77 0.928833
120 78 0.934566
120 79 0.940400
120 80 0.946158
120 81 0.952040
120 82 0.957865
120 83 0.963837
120 84 0.969773
120 85 0.975875
120 86 0.981959
120 87 0.988228
120 88 0.994497
120 89 1.000969
120 90 1.007458
120 91 1.014166
120 92 1.020906
120 93 1.027881
120 94 1.034904
120 95 1.042176
120 96 1.049509
120 97 1.057106
120 98 1.064779
120 99 1.072729
120 100 1.080769
121 51 0.728087
121 52 0.737776
121 53 0.747140
121 54 0.756330
121 55 0.765201
121 56 0.773911
121 57 0.782310
121 58 0.790563
121 59 0.798519
121 60 0.806345
121 61 0.813890
121 62 0.821326
121 63 0.828497
121 64 0.835583
121 65 0.842425
121 66 0.849204
121 67 0.855761
121 68 0.862281
121 69 0.868600
121 70 0.874908
121 71 0.881038
121 72 0.887182
121 73 0.893172
121 74 0.899200
121 75 0.905097
121 76 0.911058
121 77 0.916909
121 78 0.922849
121 79 0.928699
121 80 0.934661
121 81 0.940554
121 82 0.946580
121 83 0.952558
121 84 0.958688
121 85 0.964789
121 86 0.971062
121 87 0.977324
121 88 0.983775
121 89 0.990232
121 90 0.996896
121 91 1.003580
121 92 1.010488
121 93 1.017433
121 94 1.024616
121 95 1.031850
121 96 1.039337
121 97 1.046890
121 98 1.054710
121 99 1.062611
121 100 1.070792
122 51 0.715126
122 52 0.724667
122 53 0.734042
122 54 0.743109
122 55 0.752020
122 56 0.760629
122 57 0.769095
122 58 0.777268
122 59 0.785315
122 60 0.793082
122 61 0.800740
122 62 0.808134
122 63 0.815439
122 64 0.822498
122 65 0.829491
122 66 0.836256
122 67 0.842977
122 68 0.849493
122 69 0.855988
122 70 0.862298
122 71 0.868613
122 72 0.874764
122 73 0.880944
122 74 0.886982
122 75 0.893073
122 76 0.899043
122 77 0.905089
122 78 0.911036
122 79 0.917080
122 80 0.923046
122 81 0.929131
122 82 0.935156
122 83 0.941321
122 84 0.947445
122 85 0.953729
122 86 0.959989
122 87 0.966427
122 88 0.972859
122 89 0.979485
122 90 0.986122
122 91 0.992970
122 92 0.999844
122 93 1.006945
122 94 1.014086
122 95 1.021470
122 96 1.028909
122 97 1.036605
122 98 1.044372
122 99 1.052409
122 100 1.060532
123 51 0.702337
123 52 0.711872
123 53 0.721109
123 54 0.730197
123 55 0.738991
123 56 0.747647
123 57 0.756017
123 58 0.764263
123 59 0.772232
123 60 0.780094
123 61 0.787692
123 62 0.795201
123 63 0.802463
123 64 0.809654
123 65 0.816615
123 66 0.823528
123 67 0.830229
123 68 0.836904
123 69 0.843388
123 70 0.849867
123 71 0.856176
123 72 0.862503
123 73 0.868680
123 74 0.874899
123 75 0.880988
123 76 0.887142
123 77 0.893186
123 78 0.899316
123 79 0.905356
123 80 0.911504
123 81 0.917581
123 82 0.923786
123 83 0.929939
123 84 0.936239
123 85 0.942504
123 86 0.948935
123 87 0.955348
123 88 0.961944
123 89 0.968540
123 90 0.975335
123 91 0.982145
123 92 0.989170
123 93 0.996226
123 94 1.003513
123 95 1.010845
123 96 1.018423
123 97 1.026061
123 98 1.033960
123 99 1.041934
123 100 1.050183
124 51 0.689851
124 52 0.699234
124 53 0.708476
124 54 0.717433
124 55 0.726257
124 56 0.734801
124 57 0.743225
124 58 0.751377
124 59 0.759423
124 60 0.767209
124 61 0.774904
124 62 0.782352
124 63 0.789728
124 64 0.796873
124 65 0.803964
124 66 0.810842
124 67 0.817686
124 68 0.824335
124 69 0.830972
124 70 0.837432
124 71 0.843903
124 72 0.850215
124 73 0.856560
124 74 0.862767
124 75 0.869028
124 76 0.875169
124 77 0.881386
124 78 0.887504
124 79 0.893717
124 80 0.899849
124 81 0.906098
124 82 0.912283
124 83 0.918604
124 84 0.924880
124 85 0.931309
124 86 0.937710
124 87 0.944282
124 88 0.950843
124 89 0.957592
124 90 0.964344
124 91 0.971301
124 92 0.978278
124 93 0.985474
124 94 0.992705
124 95 1.000171
124 96 1.007687
124 97 1.015453
124 98 1.023284
124 99 1.031380
124 100 1.039556
125 51 0.677512
125 52 0.686886
125 53 0.695984
125 54 0.704954
125 55 0.713653
125 56 0.722234
125 57 0.730550
125 58 0.738761
125 59 0.746716
125 60 0.754581
125 61 0.762201
125 62 0.769746
125 63 0.777061
125 64 0.784319
125 65 0.791360
125 66 0.798365
125 67 0.805169
125 68 0.811957
125 69 0.818561
125 70 0.825169
125 71 0.831613
125 72 0.838080
125 73 0.844401
125 74 0.850767
125 75 0.857006
125 76 0.863310
125 77 0.869505
125 78 0.875786
125 79 0.881976
125 80 0.888271
125 81 0.894492
125 82 0.900839
125 83 0.907129
125 84 0.913562
125 85 0.919956
125 86 0.926510
125 87 0.933041
125 88 0.939749
125 89 0.946451
125 90 0.953346
125 91 0.960250
125 92 0.967362
125 93 0.974499
125 94 0.981859
125 95 0.989259
125 96 0.996898
125 97 1.004592
125 98 1.012539
125 99 1.020557
125 100 1.028844
126 51 0.665455
126 52 0.674672
126 53 0.683769
126 54 0.692601
126 55 0.701321
126 56 0.709781
126 57 0.718140
126 58 0.726246
126 59 0.734264
126 60 0.742039
126 61 0.749739
126 62 0.757209
126 63 0.764621
126 64 0.771815
126 65 0.778968
126 66 0.785919
126 67 0.792847
126 68 0.799589
126 69 0.806327
126 70 0.812896
126 71 0.819481
126 72 0.825914
126 73 0.832383
126 74 0.838717
126 75 0.845107
126 76 0.851380
126 77 0.857728
126 78 0.863977
126 79 0.870320
126 80 0.876581
126 81 0.882956
126 82 0.889265
126 83 0.895705
126 84 0.902097
126 85 0.908637
126 86 0.915145
126 87 0.921819
126 88 0.928475
126 89 0.935314
126 90 0.942151
126 91 0.949186
126 92 0.956234
126 93 0.963496
126 94 0.970786
126 95 0.978305
126 96 0.985867
126 97 0.993673
126 98 1.001538
126 99 1.009661
126 100 1.017859
127 51 0.653525
127 52 0.662728
127 53 0.671675
127 54 0.680514
127 55 0.689100
127 56 0.697588
127 57 0.705829
127 58 0.713982
127 59 0.721897
127 60 0.729737
127 61 0.737349
127 62 0.744900
127 63 0.752235
127 64 0.759525
127 65 0.766612
127 66 0.773672
127 67 0.780542
127 68 0.787404
127 69 0.794091
127 70 0.800788
127 71 0.807328
127 72 0.813896
127 73 0.820322
127 74 0.826796
127 75 0.833146
127 76 0.839561
127 77 0.845870
127 78 0.852262
127 79 0.858564
127 80 0.864970
127 81 0.871300
127 82 0.877752
127 83 0.884145
127 84 0.890676
127 85 0.897165
127 86 0.903809
127 87 0.910426
127 88 0.917214
127 89 0.923991
127 90 0.930954
127 91 0.937921
127 92 0.945089
127 93 0.952277
127 94 0.959681
127 95 0.967119
127 96 0.974788
127 97 0.982507
127 98 0.990473
127 99 0.998503
127 100 1.006795
128 51 0.641855
128 52 0.650898
128 53 0.659838
128 54 0.668533
128 55 0.677132
128 56 0.685491
128 57 0.693764
128 58 0.701803
128 59 0.709768
128 60 0.717506
128 61 0.725184
128 62 0.732647
128 63 0.740062
128 64 0.747274
128 65 0.754456
128 66 0.761446
128 67 0.768422
128 68 0.775222
128 69 0.782025
128 70 0.788666
128 71 0.795328
128 72 0.801843
128 73 0.808398
128 74 0.814823
128 75 0.821305
128 76 0.827672
128 77 0.834114
128 78 0.840458
128 79 0.846896
128 80 0.853250
128 81 0.859715
128 82 0.866114
128 83 0.872640
128 84 0.879114
128 85 0.885732
128 86 0.892315
128 87 0.899057
128 88 0.905779
128 89 0.912676
128 90 0.919567
128 91 0.926649
128 92 0.933739
128 93 0.941036
128 94 0.948355
128 95 0.955896
128 96 0.963475
128 97 0.971289
128 98 0.979157
128 99 0.987276
128 100 0.995465
129 51 0.630294
129 52 0.639318
129 53 0.648104
129 54 0.656799
129 55 0.665259
129 56 0.673636
129 57 0.681783
129 58 0.689857
129 59 0.697709
129 60 0.705500
129 61 0.713077
129 62 0.720607
129 63 0.727933
129 64 0.735225
129 65 0.742325
129 66 0.749408
129 67 0.756311
129 68 0.763213
129 69 0.769949
129 70 0.776701
129 71 0.783301
129 72 0.789934
129 73 0.796430
129 74 0.802976
129 75 0.809401
129 76 0.815893
129 77 0.822279
129 78 0.828749
129 79 0.835129
129 80 0.841610
129 81 0.848015
129 82 0.854539
129 83 0.861002
129 84 0.867599
129 85 0.874151
129 86 0.880853
129 87 0.887525
129 88 0.894361
129 89 0.901182
129 90 0.908183
129 91 0.915183
129 92 0.922377
129 93 0.929585
129 94 0.937003
129 95 0.944449
129 96 0.952119
129 97 0.959832
129 98 0.967784
129 99 0.975796
129 100 0.984061
130 51 0.618976
130 52 0.627836
130 53 0.636610
130 54 0.645155
130 55 0.653621
130 56 0.661861
130 57 0.670031
130 58 0.677982
130 59 0.685873
130 60 0.693552
130 61 0.701183
130 62 0.708611
130 63 0.716004
130 64 0.723205
130 65 0.730385
130 66 0.737384
130 67 0.744377
130 68 0.751202
130 69 0.758037
130 70 0.764716
130 71 0.771422
130 72 0.777987
130 73 0.784594
130 74 0.791075
130 75 0.797615
130 76 0.804042
130 77 0.810545
130 78 0.816951
130 79 0.823449
130 80 0.829864
130 81 0.836387
130 82 0.842842
130 83 0.849421
130 84 0.855947
130 85 0.862612
130 86 0.869238
130 87 0.876019
130 88 0.882775
130 89 0.889700
130 90 0.896615
130 91 0.903714
130 92 0.910817
130 93 0.918118
130 94 0.925438
130 95 0.932970
130 96 0.940536
130 97 0.948328
130 98 0.956169
130 99 0.964252
130 100 0.972399
131 51 0.607750
131 52 0.616588
131 53 0.625203
131 54 0.633742
131 55 0.642061
131 56 0.650313
131 57 0.658349
131 58 0.666326
131 59 0.674095
131 60 0.681815
131 61 0.689334
131 62 0.696817
131 63 0.704108
131 64 0.711375
131 65 0.718461
131 66 0.725538
131 67 0.732444
131 68 0.739356
131 69 0.746110
131 70 0.752884
131 71 0.759513
131 72 0.766178
131 73 0.772712
131 74 0.779297
131 75 0.785765
131 76 0.792300
131 77 0.798732
131 78 0.805247
131 79 0.811673
131 80 0.818197
131 81 0.824647
131 82 0.831210
131 83 0.837713
131 84 0.844345
131 85 0.850930
131 86 0.857659
131 87 0.864355
131 88 0.871210
131 89 0.878046
131 90 0.885055
131 91 0.892059
131 92 0.899250
131 93 0.906450
131 94 0.913852
131 95 0.921276
131 96 0.928916
131 97 0.936594
131 98 0.944502
131 99 0.952463
131 100 0.960668
132 51 0.596751
132 52 0.605422
132 53 0.614020
132 54 0.622404
132 55 0.630723
132 56 0.638831
132 57 0.646882
132 58 0.654727
132 59 0.662525
132 60 0.670123
132 61 0.677685
132 62 0.685056
132 63 0.692402
132 64 0.699566
132 65 0.706717
132 66 0.713698
132 67 0.720679
132 68 0.727501
132 69 0.734338
132 70 0.741027
132 71 0.747746
132 72 0.754329
132 73 0.760958
132 74 0.767464
132 75 0.774030
132 76 0.780487
132 77 0.787019
132 78 0.793456
132 79 0.799983
132 80 0.806428
132 81 0.812979
132 82 0.819460
132 83 0.826063
132 84 0.832610
132 85 0.839292
132 86 0.845932
132 87 0.852722
132 88 0.859483
132 89 0.866408
132 90 0.873318
132 91 0.880406
132 92 0.887492
132 93 0.894770
132 94 0.902060
132 95 0.909556
132 96 0.917078
132 97 0.924819
132 98 0.932601
132 99 0.940617
132 100 0.948689
133 51 0.585830
133 52 0.594474
133 53 0.602909
133 54 0.611282
133 55 0.619449
133 56 0.627561
133 57 0.635471
133 58 0.643334
133 59 0.651001
133 60 0.658630
133 61 0.666071
133 62 0.673485
133 63 0.680718
133 64 0.687936
133 65 0.694983
133 66 0.702027
133 67 0.708910
133 68 0.715804
133 69 0.722547
133 70 0.729315
133 71 0.735945
133 72 0.742613
133 73 0.749155
133 74 0.755750
133 75 0.762231
133 76 0.768780
133 77 0.775227
133 78 0.781758
133 79 0.788199
133 80 0.794738
133 81 0.801202
133 82 0.807777
133 83 0.814289
133 84 0.820927
133 85 0.827516
133 86 0.834244
133 87 0.840936
133 88 0.847782
133 89 0.854604
133 90 0.861594
133 91 0.868573
133 92 0.875733
133 93 0.882896
133 94 0.890254
133 95 0.897628
133 96 0.905209
133 97 0.912822
133 98 0.920656
133 99 0.928535
133 100 0.936650
134 51 0.575121
134 52 0.583595
134 53 0.592009
134 54 0.600222
134 55 0.608382
134 56 0.616345
134 57 0.624262
134 58 0.631986
134 59 0.639673
134 60 0.647173
134 61 0.654645
134 62 0.661938
134 63 0.669214
134 64 0.676319
134 65 0.683419
134 66 0.690356
134 67 0.697300
134 68 0.704092
134 69 0.710905
134 70 0.717576
134 71 0.724280
134 72 0.730855
134 73 0.737476
134 74 0.743979
134 75 0.750544
134 76 0.757001
134 77 0.763535
134 78 0.769973
134 79 0.776502
134 80 0.782948
134 81 0.789498
134 82 0.795978
134 83 0.802575
134 84 0.809116
134 85 0.815787
134 86 0.822414
134 87 0.829185
134 88 0.835924
134 89 0.842821
134 90 0.849699
134 91 0.856748
134 92 0.863790
134 93 0.871017
134 94 0.878250
134 95 0.885680
134 96 0.893130
134 97 0.900791
134 98 0.908486
134 99 0.916404
134 100 0.924371
135 51 0.564477
135 52 0.572920
135 53 0.581168
135 54 0.589365
135 55 0.597369
135 56 0.605328
135 57 0.613098
135 58 0.620832
135 59 0.628381
135 60 0.635902
135 61 0.643246
135 62 0.650571
135 63 0.657725
135 64 0.664872
135 65 0.671857
135 66 0.678845
135 67 0.685680
135 68 0.692532
135 69 0.699239
135 70 0.705976
135 71 0.712579
135 72 0.719224
135 73 0.725747
135 74 0.732325
135 75 0.738792
135 76 0.745327
135 77 0.751763
135 78 0.758281
135 79 0.764712
135 80 0.771237
135 81 0.777687
135 82 0.784246
135 83 0.790742
135 84 0.797359
135 85 0.803924
135 86 0.810625
135 87 0.817287
135 88 0.824096
135 89 0.830878
135 90 0.837821
135 91 0.844749
135 92 0.851851
135 93 0.858951
135 94 0.866236
135 95 0.873533
135 96 0.881028
135 97 0.888547
135 98 0.896278
135 99 0.904047
135 100 0.912040
136 51 0.554032
136 52 0.562303
136 53 0.570525
136 54 0.578559
136 55 0.586549
136 56 0.594355
136 57 0.602125
136 58 0.609713
136 59 0.617274
136 60 0.624658
136 61 0.632024
136 62 0.639220
136 63 0.646407
136 64 0.653431
136 65 0.660457
136 66 0.667329
136 67 0.674213
136 68 0.680952
136 69 0.687716
136 70 0.694345
136 71 0.701010
136 72 0.707549
136 73 0.714139
136 74 0.720613
136 75 0.727149
136 76 0.733582
136 77 0.740090
136 78 0.746504
136 79 0.753007
136 80 0.759428
136 81 0.765951
136 82 0.772403
136 83 0.778970
136 84 0.785477
136 85 0.792111
136 86 0.798699
136 87 0.805425
136 88 0.812117
136 89 0.818960
136 90 0.825780
136 91 0.832764
136 92 0.839736
136 93 0.846885
136 94 0.854035
136 95 0.861372
136 96 0.868724
136 97 0.876277
136 98 0.883856
136 99 0.891648
136 100 0.899481
137 51 0.543642
137 52 0.551878
137 53 0.559931
137 54 0.567942
137 55 0.575773
137 56 0.583569
137 57 0.591187
137 58 0.598777
137 59 0.606193
137 60 0.613590
137 61 0.620820
137 62 0.628038
137 63 0.635095
137 64 0.642151
137 65 0.649053
137 66 0.655965
137 67 0.662731
137 68 0.669517
137 69 0.676166
137 70 0.682848
137 71 0.689401
137 72 0.695999
137 73 0.702478
137 74 0.709014
137 75 0.715442
137 76 0.721939
137 77 0.728338
137 78 0.734818
137 79 0.741212
137 80 0.747699
137 81 0.754111
137 82 0.760628
137 83 0.767081
137 84 0.773652
137 85 0.780170
137 86 0.786818
137 87 0.793423
137 88 0.800171
137 89 0.806888
137 90 0.813760
137 91 0.820612
137 92 0.827630
137 93 0.834641
137 94 0.841829
137 95 0.849022
137 96 0.856404
137 97 0.863804
137 98 0.871404
137 99 0.879035
137 100 0.886879
138 51 0.533438
138 52 0.541500
138 53 0.549522
138 54 0.557368
138 55 0.565179
138 56 0.572817
138 57 0.580427
138 58 0.587867
138 59 0.595287
138 60 0.602541
138 61 0.609784
138 62 0.616866
138 63 0.623945
138 64 0.630871
138 65 0.637804
138 66 0.644590
138 67 0.651394
138 68 0.658059
138 69 0.664752
138 70 0.671316
138 71 0.677919
138 72 0.684401
138 73 0.690934
138 74 0.697356
138 75 0.703841
138 76 0.710224
138 77 0.716682
138 78 0.723049
138 79 0.729502
138 80 0.735874
138 81 0.742345
138 82 0.748745
138 83 0.755256
138 84 0.761707
138 85 0.768280
138 86 0.774804
138 87 0.781461
138 88 0.788081
138 89 0.794846
138 90 0.801583
138 91 0.808477
138 92 0.815356
138 93 0.822402
138 94 0.829444
138 95 0.836664
138 96 0.843893
138 97 0.851311
138 98 0.858749
138 99 0.866389
138 100 0.874060
139 51 0.523280
139 52 0.531302
139 53 0.539153
139 54 0.546971
139 55 0.554620
139 56 0.562241
139 57 0.569695
139 58 0.577129
139 59 0.584400
139 60 0.591658
139 61 0.598758
139 62 0.605854
139 63 0.612796
139 64 0.619744
139 65 0.626545
139 66 0.633361
139 67 0.640037
139 68 0.646739
139 69 0.653308
139 70 0.659913
139 71 0.666395
139 72 0.672923
139 73 0.679337
139 74 0.685809
139 75 0.692175
139 76 0.698610
139 77 0.704949
139 78 0.711369
139 79 0.717703
139 80 0.724129
139 81 0.730478
139 82 0.736931
139 83 0.743318
139 84 0.749820
139 85 0.756266
139 86 0.762837
139 87 0.769364
139 88 0.776027
139 89 0.782656
139 90 0.789432
139 91 0.796185
139 92 0.803096
139 93 0.809994
139 94 0.817061
139 95 0.824126
139 96 0.831372
139 97 0.838626
139 98 0.846072
139 99 0.853539
139 100 0.861207
140 51 0.513296
140 52 0.521143
140 53 0.528958
140 54 0.536608
140 55 0.544231
140 56 0.551691
140 57 0.559131
140 58 0.566411
140 59 0.573677
140 60 0.580787
140 61 0.587892
140 62 0.594845
140 63 0.601801
140 64 0.608611
140 65 0.615433
140 66 0.622116
140 67 0.628820
140 68 0.635392
140 69 0.641995
140 70 0.648474
140 71 0.654994
140 72 0.661397
140 73 0.667854
140 74 0.674202
140 75 0.680613
140 76 0.686925
140 77 0.693311
140 78 0.699607
140 79 0.705989
140 80 0.712289
140 81 0.718686
140 82 0.725012
140 83 0.731445
140 84 0.737817
140 85 0.744306
140 86 0.750744
140 87 0.757310
140 88 0.763835
140 89 0.770499
140 90 0.777132
140 91 0.783914
140 92 0.790676
140 93 0.797597
140 94 0.804508
140 95 0.811588
140 96 0.818669
140 97 0.825930
140 98 0.833203
140 99 0.840665
140 100 0.848151
141 51 0.503349
141 52 0.511153
141 53 0.518795
141 54 0.526412
141 55 0.533870
141 56 0.541307
141 57 0.548587
141 58 0.555854
141 59 0.562967
141 60 0.570074
141 61 0.577030
141 62 0.583988
141 63 0.590801
141 64 0.597624
141 65 0.604308
141 66 0.611010
141 67 0.617580
141 68 0.624177
141 69 0.630649
141 70 0.637158
141 71 0.643549
141 72 0.649988
141 73 0.656316
141 74 0.662702
141 75 0.668986
141 76 0.675338
141 77 0.681597
141 78 0.687935
141 79 0.694188
141 80 0.700530
141 81 0.706797
141 82 0.713163
141 83 0.719463
141 84 0.725873
141 85 0.732227
141 86 0.738700
141 87 0.745126
141 88 0.751683
141 89 0.758202
141 90 0.764862
141 91 0.771493
141 92 0.778275
141 93 0.785039
141 94 0.791963
141 95 0.798879
141 96 0.805965
141 97 0.813053
141 98 0.820320
141 99 0.827600
141 100 0.835070
142 51 0.493567
142 52 0.501193
142 53 0.508796
142 54 0.516242
142 55 0.523670
142 56 0.530943
142 57 0.538203
142 58 0.545311
142 59 0.552412
142 60 0.559366
142 61 0.566320
142 62 0.573129
142 63 0.579947
142 64 0.586627
142 65 0.593322
142 66 0.599885
142 67 0.606472
142 68 0.612933
142 69 0.619428
142 70 0.625804
142 71 0.632222
142 72 0.638529
142 73 0.644888
142 74 0.651143
142 75 0.657461
142 76 0.663682
142 77 0.669976
142 78 0.676182
142 79 0.682470
142 80 0.688679
142 81 0.694982
142 82 0.701213
142 83 0.707547
142 84 0.713819
142 85 0.720203
142 86 0.726535
142 87 0.732989
142 88 0.739400
142 89 0.745942
142 90 0.752450
142 91 0.759099
142 92 0.765723
142 93 0.772498
142 94 0.779257
142 95 0.786176
142 96 0.793089
142 97 0.800171
142 98 0.807257
142 99 0.814521
142 100 0.821798
143 51 0.483814
143 52 0.491393
143 53 0.498821
143 54 0.506230
143 55 0.513489
143 56 0.520734
143 57 0.527831
143 58 0.534920
143 59 0.541864
143 60 0.548807
143 61 0.555608
143 62 0.562415
143 63 0.569085
143 64 0.575768
143 65 0.582319
143 66 0.588893
143 67 0.595339
143 68 0.601816
143 69 0.608173
143 70 0.614569
143 71 0.620851
143 72 0.627182
143 73 0.633406
143 74 0.639688
143 75 0.645871
143 76 0.652121
143 77 0.658280
143 78 0.664516
143 79 0.670669
143 80 0.676908
143 81 0.683072
143 82 0.689333
143 83 0.695526
143 84 0.701825
143 85 0.708066
143 86 0.714422
143 87 0.720728
143 88 0.727159
143 89 0.733549
143 90 0.740071
143 91 0.746562
143 92 0.753195
143 93 0.759805
143 94 0.766566
143 95 0.773313
143 96 0.780219
143 97 0.787120
143 98 0.794189
143 99 0.801263
143 100 0.808512
144 51 0.474216
144 52 0.481617
144 53 0.489001
144 54 0.496237
144 55 0.503461
144 56 0.510539
144 57 0.517610
144 58 0.524537
144 59 0.531463
144 60 0.538249
144 61 0.545039
144 62 0.551694
144 63 0.558361
144 64 0.564895
144 65 0.571450
144 66 0.577877
144 67 0.584333
144 68 0.590667
144 69 0.597038
144 70 0.603293
144 71 0.609593
144 72 0.615785
144 73 0.622030
144 74 0.628174
144 75 0.634380
144 76 0.640492
144 77 0.646676
144 78 0.652773
144 79 0.658950
144 80 0.665049
144 81 0.671238
144 82 0.677355
144 83 0.683572
144 84 0.689725
144 85 0.695987
144 86 0.702193
144 87 0.708517
144 88 0.714793
144 89 0.721195
144 90 0.727559
144 91 0.734057
144 92 0.740525
144 93 0.747135
144 94 0.753724
144 95 0.760463
144 96 0.767189
144 97 0.774073
144 98 0.780953
144 99 0.787999
144 100 0.795049
145 51 0.464640
145 52 0.471991
145 53 0.479199
145 54 0.486394
145 55 0.493446
145 56 0.500491
145 57 0.507396
145 58 0.514299
145 59 0.521063
145 60 0.527832
145 61 0.534466
145 62 0.541110
145 63 0.547624
145 64 0.554155
145 65 0.560560
145 66 0.566990
145 67 0.573298
145 68 0.579640
145 69 0.585866
145 70 0.592133
145 71 0.598290
145 72 0.604497
145 73 0.610600
145 74 0.616761
145 75 0.622826
145 76 0.628957
145 77 0.634999
145 78 0.641115
145 79 0.647150
145 80 0.653269
145 81 0.659312
145 82 0.665449
145 83 0.671518
145 84 0.677688
145 85 0.683799
145 86 0.690019
145 87 0.696187
145 88 0.702474
145 89 0.708716
145 90 0.715085
145 91 0.721417
145 92 0.727884
145 93 0.734322
145 94 0.740902
145 95 0.747462
145 96 0.754171
145 97 0.760867
145 98 0.767721
145 99 0.774569
145 100 0.781582
146 51 0.455211
146 52 0.462383
146 53 0.469542
146 54 0.476563
146 55 0.483576
146 56 0.490452
146 57 0.497325
146 58 0.504062
146 59 0.510803
146 60 0.517411
146 61 0.524028
146 62 0.530515
146 63 0.537019
146 64 0.543396
146 65 0.549797
146 66 0.556076
146 67 0.562386
146 68 0.568579
146 69 0.574810
146 70 0.580931
146 71 0.587097
146 72 0.593158
146 73 0.599273
146 74 0.605290
146 75 0.611368
146 76 0.617354
146 77 0.623411
146 78 0.629382
146 79 0.635432
146 80 0.641403
146 81 0.647462
146 82 0.653449
146 83 0.659531
146 84 0.665549
146 85 0.671670
146 86 0.677734
146 87 0.683910
146 88 0.690036
146 89 0.696281
146 90 0.702484
146 91 0.708813
146 92 0.715108
146 93 0.721537
146 94 0.727938
146 95 0.734481
146 96 0.741004
146 97 0.747674
146 98 0.754332
146 99 0.761144
146 100 0.767951
147 51 0.445799
147 52 0.452917
147 53 0.459899
147 54 0.466874
147 55 0.473714
147 56 0.480552
147 57 0.487256
147 58 0.493963
147 59 0.500540
147 60 0.507124
147 61 0.513581
147 62 0.520051
147 63 0.526398
147 64 0.532764
147 65 0.539011
147 66 0.545284
147 67 0.551442
147 68 0.557635
147 69 0.563716
147 70 0.569839
147 71 0.575857
147 72 0.581925
147 73 0.587892
147 74 0.593917
147 75 0.599848
147 76 0.605844
147 77 0.611752
147 78 0.617734
147 79 0.623635
147 80 0.629616
147 81 0.635524
147 82 0.641520
147 83 0.647448
147 84 0.653473
147 85 0.659438
147 86 0.665506
147 87 0.671521
147 88 0.677647
147 89 0.683726
147 90 0.689925
147 91 0.696083
147 92 0.702367
147 93 0.708618
147 94 0.715002
147 95 0.721359
147 96 0.727856
147 97 0.734333
147 98 0.740955
147 99 0.747565
147 100 0.754325
148 51 0.436525
148 52 0.443463
148 53 0.450393
148 54 0.457192
148 55 0.463988
148 56 0.470655
148 57 0.477323
148 58 0.483862
148 59 0.490409
148 60 0.496830
148 61 0.503263
148 62 0.509573
148 63 0.515902
148 64 0.522112
148 65 0.528346
148 66 0.534465
148 67 0.540616
148 68 0.546655
148 69 0.552734
148 70 0.558706
148 71 0.564724
148 72 0.570641
148 73 0.576611
148 74 0.582486
148 75 0.588422
148 76 0.594268
148 77 0.600182
148 78 0.606013
148 79 0.611919
148 80 0.617748
148 81 0.623660
148 82 0.629502
148 83 0.635434
148 84 0.641301
148 85 0.647266
148 86 0.653173
148 87 0.659186
148 88 0.665146
148 89 0.671219
148 90 0.677246
148 91 0.683393
148 92 0.689500
148 93 0.695733
148 94 0.701933
148 95 0.708264
148 96 0.714570
148 97 0.721012
148 98 0.727434
148 99 0.733999
148 100 0.740549
149 51 0.427263
149 52 0.434143
149 53 0.440895
149 54 0.447644
149 55 0.454266
149 56 0.460890
149 57 0.467387
149 58 0.473891
149 59 0.480271
149 60 0.486663
149 61 0.492933
149 62 0.499219
149 63 0.505388
149 64 0.511580
149 65 0.517656
149 66 0.523762
149 67 0.529757
149 68 0.535788
149 69 0.541712
149 70 0.547679
149 71 0.553544
149 72 0.559459
149 73 0.565277
149 74 0.571151
149 75 0.576935
149 76 0.582782
149 77 0.588543
149 78 0.594375
149 79 0.600127
149 80 0.605957
149 81 0.611714
149 82 0.617555
149 83 0.623328
149 84 0.629193
149 85 0.634997
149 86 0.640899
149 87 0.646746
149 88 0.652697
149 89 0.658600
149 90 0.664614
149 91 0.670584
149 92 0.676672
149 93 0.682723
149 94 0.688897
149 95 0.695039
149 96 0.701310
149 97 0.707555
149 98 0.713933
149 99 0.720291
149 100 0.726788
150 51 0.418132
150 52 0.424831
150 53 0.431527
150 54 0.438100
150 55 0.444673
150 56 0.451124
150 57 0.457580
150 58 0.463914
150 59 0.470259
150 60 0.476484
150 61 0.482725
150 62 0.488849
150 63 0.494994
150 64 0.501025
150 65 0.507083
150 66 0.513030
150 67 0.519011
150 68 0.524885
150 69 0.530798
150 70 0.536610
150 71 0.542467
150 72 0.548227
150 73 0.554040
150 74 0.559760
150 75 0.565539
150 76 0.571231
150 77 0.576990
150 78 0.582666
150 79 0.588416
150 80 0.594088
150 81 0.599841
150 82 0.605523
150 83 0.611291
150 84 0.616994
150 85 0.622790
150 86 0.628526
150 87 0.634362
150 88 0.640144
150 89 0.646031
150 90 0.651870
150 91 0.657819
150 92 0.663727
150 93 0.669751
150 94 0.675737
150 95 0.681846
150 96 0.687922
150 97 0.694124
150 98 0.700300
150 99 0.706606
150 100 0.712889
