126 51 0.000000
126 52 0.000000
126 53 0.000000
126 54 0.000000
126 55 0.000000
126 56 0.000000
126 57 0.000000
126 58 0.000000
126 59 0.000000
126 60 0.000000
126 61 0.000000
126 62 0.000000
126 63 0.000000
126 64 0.000000
126 65 0.000000
126 66 0.000000
126 67 0.000000
126 68 0.000000
126 69 0.000000
126 70 0.000000
126 71 0.000000
126 72 0.000000
126 73 0.000000
126 74 0.000000
126 75 0.000000
127 51 0.000000
127 52 0.000000
127 53 0.000000
127 54 0.000000
127 55 0.000000
127 56 0.000000
127 57 0.000000
127 58 0.000000
127 59 0.000000
127 60 0.000000
127 61 0.000000
127 62 0.000000
127 63 0.000000
127 64 0.000000
127 65 0.000000
127 66 0.000000
127 67 0.000000
127 68 0.000000
127 69 0.000000
127 70 0.000000
127 71 0.000000
127 72 0.000000
127 73 0.000000
127 74 0.000000
127 75 0.000000
128 51 0.000000
128 52 0.000000
128 53 0.000000
128 54 0.000000
128 55 0.000000
128 56 0.000000
128 57 0.000000
128 58 0.000000
128 59 0.000000
128 60 0.000000
128 61 0.000000
128 62 0.000000
128 63 0.000000
128 64 0.000000
128 65 0.000000
128 66 0.000000
128 67 0.000000
128 68 0.000000
128 69 0.000000
128 70 0.000000
128 71 0.000000
128 72 0.000000
128 73 0.000000
128 74 0.000000
128 75 0.000000
129 51 0.000000
129 52 0.000000
129 53 0.000000
129 54 0.000000
129 55 0.000000
129 56 0.000000
129 57 0.000000
129 58 0.000000
129 59 0.000000
129 60 0.000000
129 61 0.000000
129 62 0.000000
129 63 0.000000
129 64 0.000000
129 65 0.000000
129 66 0.000000
129 67 0.000000
129 68 0.000000
129 69 0.000000
129 70 0.000000
129 71 0.000000
129 72 0.000000
129 73 0.000000
129 74 0.000000
129 75 0.000000
130 51 0.000000
130 52 0.000000
130 53 0.000000
130 54 0.000000
130 55 0.000000
130 56 0.000000
130 57 0.000000
130 58 0.000000
130 59 0.000000
130 60 0.000000
130 61 0.000000
130 62 0.000000
130 63 0.000000
130 64 0.000000
130 65 0.000000
130 66 0.000000
130 67 0.000000
130 68 0.000000
130 69 0.000000
130 70 0.000000
130 71 0.000000
130 72 0.000000
130 73 0.000000
130 74 0.000000
130 75 0.000000
131 51 0.000000
131 52 0.000000
131 53 0.000000
131 54 0.000000
131 55 0.000000
131 56 0.000000
131 57 0.000000
131 58 0.000000
131 59 0.000000
131 60 0.000000
131 61 0.000000
131 62 0.000000
131 63 0.000000
131 64 0.000000
131 65 0.000000
131 66 0.000000
131 67 0.000000
131 68 0.000000
131 69 0.000000
131 70 0.000000
131 71 0.000000
131 72 0.000000
131 73 0.000000
131 74 0.000000
131 75 0.000000
132 51 0.000000
132 52 0.000000
132 53 0.000000
132 54 0.000000
132 55 0.000000
132 56 0.000000
132 57 0.000000
132 58 0.000000
132 59 0.000000
132 60 0.000000
132 61 0.000000
132 62 0.000000
132 63 0.000000
132 64 0.000000
132 65 0.000000
132 66 0.000000
132 67 0.000000
132 68 0.000000
132 69 0.000000
132 70 0.000000
132 71 0.000000
132 72 0.000000
132 73 0.000000
132 74 0.000000
132 75 0.000000
133 51 0.000000
133 52 0.000000
133 53 0.000000
133 54 0.000000
133 55 0.000000
133 56 0.000000
133 57 0.000000
133 58 0.000000
133 59 0.000000
133 60 0.000000
133 61 0.000000
133 62 0.000000
133 63 0.000000
133 64 0.000000
133 65 0.000000
133 66 0.000000
133 67 0.000000
133 68 0.000000
133 69 0.000000
133 70 0.000000
133 71 0.000000
133 72 0.000000
133 73 0.000000
133 74 0.000000
133 75 0.000000
134 51 0.000000
134 52 0.000000
134 53 0.000000
134 54 0.000000
134 55 0.000000
134 56 0.000000
134 57 0.000000
134 58 0.000000
134 59 0.000000
134 60 0.000000
134 61 0.000000
134 62 0.000000
134 63 0.000000
134 64 0.000000
134 65 0.000000
134 66 0.000000
134 67 0.000000
134 68 0.000000
134 69 0.000000
134 70 0.000000
134 71 0.000000
134 72 0.000000
134 73 0.000000
134 74 0.000000
134 75 0.000000
135 51 0.000000
135 52 0.000000
135 53 0.000000
135 54 0.000000
135 55 0.000000
135 56 0.000000
135 57 0.000000
135 58 0.000000
135 59 0.000000
135 60 0.000000
135 61 0.000000
135 62 0.000000
135 63 0.000000
135 64 0.000000
135 65 0.000000
135 66 0.000000
135 67 0.000000
135 68 0.000000
135 69 0.000000
135 70 0.000000
135 71 0.000000
135 72 0.000000
135 73 0.000000
135 74 0.000000
135 75 0.000000
136 51 0.000000
136 52 0.000000
136 53 0.000000
136 54 0.000000
136 55 0.000000
136 56 0.000000
136 57 0.000000
136 58 0.000000
136 59 0.000000
136 60 0.000000
136 61 0.000000
136 62 0.000000
136 63 0.000000
136 64 0.000000
136 65 0.000000
136 66 0.000000
136 67 0.000000
136 68 0.000000
136 69 0.000000
136 70 0.000000
136 71 0.000000
136 72 0.000000
136 73 0.000000
136 74 0.000000
136 75 0.000000
137 51 0.000000
137 52 0.000000
137 53 0.000000
137 54 0.000000
137 55 0.000000
137 56 0.000000
137 57 0.000000
137 58 0.000000
137 59 0.000000
137 60 0.000000
137 61 0.000000
137 62 0.000000
137 63 0.000000
137 64 0.000000
137 65 0.000000
137 66 0.000000
137 67 0.000000
137 68 0.000000
137 69 0.000000
137 70 0.000000
137 71 0.000000
137 72 0.000000
137 73 0.000000
137 74 0.000000
137 75 0.000000
138 51 0.000000
138 52 0.000000
138 53 0.000000
138 54 0.000000
138 55 0.000000
138 56 0.000000
138 57 0.000000
138 58 0.000000
138 59 0.000000
138 60 0.000000
138 61 0.000000
138 62 0.000000
138 63 0.000000
138 64 0.000000
138 65 0.000000
138 66 0.000000
138 67 0.000000
138 68 0.000000
138 69 0.000000
138 70 0.000000
138 71 0.000000
138 72 0.000000
138 73 0.000000
138 74 0.000000
138 75 0.000000
139 51 0.000000
139 52 0.000000
139 53 0.000000
139 54 0.000000
139 55 0.000000
139 56 0.000000
139 57 0.000000
139 58 0.000000
139 59 0.000000
139 60 0.000000
139 61 0.000000
139 62 0.000000
139 63 0.000000
139 64 0.000000
139 65 0.000000
139 66 0.000000
139 67 0.000000
139 68 0.000000
139 69 0.000000
139 70 0.000000
139 71 0.000000
139 72 0.000000
139 73 0.000000
139 74 0.000000
139 75 0.000000
140 51 0.000000
140 52 0.000000
140 53 0.000000
140 54 0.000000
140 55 0.000000
140 56 0.000000
140 57 0.000000
140 58 0.000000
140 59 0.000000
140 60 0.000000
140 61 0.000000
140 62 0.000000
140 63 0.000000
140 64 0.000000
140 65 0.000000
140 66 0.000000
140 67 0.000000
140 68 0.000000
140 69 0.000000
140 70 0.000000
140 71 0.000000
140 72 0.000000
140 73 0.000000
140 74 0.000000
140 75 0.000000
141 51 0.000000
141 52 0.000000
141 53 0.000000
141 54 0.000000
141 55 0.000000
141 56 0.000000
141 57 0.000000
141 58 0.000000
141 59 0.000000
141 60 0.000000
141 61 0.000000
141 62 0.000000
141 63 0.000000
141 64 0.000000
141 65 0.000000
141 66 0.000000
141 67 0.000000
141 68 0.000000
141 69 0.000000
141 70 0.000000
141 71 0.000000
141 72 0.000000
141 73 0.000000
141 74 0.000000
141 75 0.000000
142 51 0.000000
142 52 0.000000
142 53 0.000000
142 54 0.000000
142 55 0.000000
142 56 0.000000
142 57 0.000000
142 58 0.000000
142 59 0.000000
142 60 0.000000
142 61 0.000000
142 62 0.000000
142 63 0.000000
142 64 0.000000
142 65 0.000000
142 66 0.000000
142 67 0.000000
142 68 0.000000
142 69 0.000000
142 70 0.000000
142 71 0.000000
142 72 0.000000
142 73 0.000000
142 74 0.000000
142 75 0.000000
143 51 0.000000
143 52 0.000000
143 53 0.000000
143 54 0.000000
143 55 0.000000
143 56 0.000000
143 57 0.000000
143 58 0.000000
143 59 0.000000
143 60 0.000000
143 61 0.000000
143 62 0.000000
143 63 0.000000
143 64 0.000000
143 65 0.000000
143 66 0.000000
143 67 0.000000
143 68 0.000000
143 69 0.000000
143 70 0.000000
143 71 0.000000
143 72 0.000000
143 73 0.000000
143 74 0.000000
143 75 0.000000
144 51 0.000000
144 52 0.000000
144 53 0.000000
144 54 0.000000
144 55 0.000000
144 56 0.000000
144 57 0.000000
144 58 0.000000
144 59 0.000000
144 60 0.000000
144 61 0.000000
144 62 0.000000
144 63 0.000000
144 64 0.000000
144 65 0.000000
144 66 0.000000
144 67 0.000000
144 68 0.000000
144 69 0.000000
144 70 0.000000
144 71 0.000000
144 72 0.000000
144 73 0.000000
144 74 0.000000
144 75 0.000000
145 51 0.000000
145 52 0.000000
145 53 0.000000
145 54 0.000000
145 55 0.000000
145 56 0.000000
145 57 0.000000
145 58 0.000000
145 59 0.000000
145 60 0.000000
145 61 0.000000
145 62 0.000000
145 63 0.000000
145 64 0.000000
145 65 0.000000
145 66 0.000000
145 67 0.000000
145 68 0.000000
145 69 0.000000
145 70 0.000000
145 71 0.000000
145 72 0.000000
145 73 0.000000
145 74 0.000000
145 75 0.000000
146 51 0.000000
146 52 0.000000
146 53 0.000000
146 54 0.000000
146 55 0.000000
146 56 0.000000
146 57 0.000000
146 58 0.000000
146 59 0.000000
146 60 0.000000
146 61 0.000000
146 62 0.000000
146 63 0.000000
146 64 0.000000
146 65 0.000000
146 66 0.000000
146 67 0.000000
146 68 0.000000
146 69 0.000000
146 70 0.000000
146 71 0.000000
146 72 0.000000
146 73 0.000000
146 74 0.000000
146 75 0.000000
147 51 0.000000
147 52 0.000000
147 53 0.000000
147 54 0.000000
147 55 0.000000
147 56 0.000000
147 57 0.000000
147 58 0.000000
147 59 0.000000
147 60 0.000000
147 61 0.000000
147 62 0.000000
147 63 0.000000
147 64 0.000000
147 65 0.000000
147 66 0.000000
147 67 0.000000
147 68 0.000000
147 69 0.000000
147 70 0.000000
147 71 0.000000
147 72 0.000000
147 73 0.000000
147 74 0.000000
147 75 0.000000
148 51 0.000000
148 52 0.000000
148 53 0.000000
148 54 0.000000
148 55 0.000000
148 56 0.000000
148 57 0.000000
148 58 0.000000
148 59 0.000000
148 60 0.000000
148 61 0.000000
148 62 0.000000
148 63 0.000000
148 64 0.000000
148 65 0.000000
148 66 0.000000
148 67 0.000000
148 68 0.000000
148 69 0.000000
148 70 0.000000
148 71 0.000000
148 72 0.000000
148 73 0.000000
148 74 0.000000
148 75 0.000000
149 51 0.000000
149 52 0.000000
149 53 0.000000
149 54 0.000000
149 55 0.000000
149 56 0.000000
149 57 0.000000
149 58 0.000000
149 59 0.000000
149 60 0.000000
149 61 0.000000
149 62 0.000000
149 63 0.000000
149 64 0.000000
149 65 0.000000
149 66 0.000000
149 67 0.000000
149 68 0.000000
149 69 0.000000
149 70 0.000000
149 71 0.000000
149 72 0.000000
149 73 0.000000
149 74 0.000000
149 75 0.000000
150 51 0.000000
150 52 0.000000
150 53 0.000000
150 54 0.000000
150 55 0.000000
150 56 0.000000
150 57 0.000000
150 58 0.000000
150 59 0.000000
150 60 0.000000
150 61 0.000000
150 62 0.000000
150 63 0.000000
150 64 0.000000
150 65 0.000000
150 66 0.000000
150 67 0.000000
150 68 0.000000
150 69 0.000000
150 70 0.000000
150 71 0.000000
150 72 0.000000
150 73 0.000000
150 74 0.000000
150 75 0.000000
