151 151 0.936683
151 152 0.929311
151 153 0.920866
151 154 0.911440
151 155 0.900979
151 156 0.889587
151 157 0.877228
151 158 0.864015
151 159 0.849928
151 160 0.835085
151 161 0.819473
151 162 0.803212
151 163 0.786293
151 164 0.768834
151 165 0.750827
151 166 0.732381
151 167 0.713489
151 168 0.694252
151 169 0.674659
151 170 0.654802
151 171 0.634668
151 172 0.614338
151 173 0.593797
151 174 0.573117
151 175 0.552279
151 176 0.531348
151 177 0.510302
151 178 0.489198
151 179 0.468014
151 180 0.446798
151 181 0.425528
151 182 0.404246
151 183 0.382930
151 184 0.361617
151 185 0.340283
151 186 0.318962
151 187 0.297630
151 188 0.276316
151 189 0.254999
151 190 0.233701
151 191 0.212405
151 192 0.191127
151 193 0.169854
151 194 0.148598
151 195 0.127347
151 196 0.106109
151 197 0.084876
151 198 0.063652
151 199 0.042431
151 200 0.021215
152 151 0.907048
152 152 0.899807
152 153 0.891647
152 154 0.882503
152 155 0.872466
152 156 0.861491
152 157 0.849681
152 158 0.837002
152 159 0.823564
152 160 0.809345
152 161 0.794457
152 162 0.778884
152 163 0.762739
152 164 0.746009
152 165 0.728801
152 166 0.711103
152 167 0.693017
152 168 0.674531
152 169 0.655736
152 170 0.636620
152 171 0.617266
152 172 0.597659
152 173 0.577874
152 174 0.557892
152 175 0.537781
152 176 0.517522
152 177 0.497173
152 178 0.476714
152 179 0.456197
152 180 0.435599
152 181 0.414967
152 182 0.394279
152 183 0.373575
152 184 0.352832
152 185 0.332086
152 186 0.311314
152 187 0.290548
152 188 0.269767
152 189 0.248995
152 190 0.228216
152 191 0.207449
152 192 0.186678
152 193 0.165920
152 194 0.145161
152 195 0.124414
152 196 0.103667
152 197 0.082929
152 198 0.062191
152 199 0.041460
152 200 0.020729
153 151 0.878337
153 152 0.871303
153 153 0.863340
153 154 0.854532
153 155 0.844822
153 156 0.834304
153 157 0.822935
153 158 0.810816
153 159 0.797916
153 160 0.784339
153 161 0.770063
153 162 0.755193
153 163 0.739711
153 164 0.723721
153 165 0.707208
153 166 0.690271
153 167 0.672894
153 168 0.655171
153 169 0.637086
153 170 0.618726
153 171 0.600073
153 172 0.581205
153 173 0.562103
153 174 0.542839
153 175 0.523392
153 176 0.503826
153 177 0.484118
153 178 0.464325
153 179 0.444426
153 180 0.424469
153 181 0.404432
153 182 0.384360
153 183 0.364229
153 184 0.344079
153 185 0.323887
153 186 0.303687
153 187 0.283458
153 188 0.263229
153 189 0.242981
153 190 0.222736
153 191 0.202480
153 192 0.182231
153 193 0.161974
153 194 0.141724
153 195 0.121471
153 196 0.101224
153 197 0.080974
153 198 0.060730
153 199 0.040485
153 200 0.020243
154 151 0.850561
154 152 0.843653
154 153 0.835953
154 154 0.827392
154 155 0.818058
154 156 0.807899
154 157 0.797009
154 158 0.785347
154 159 0.773012
154 160 0.759972
154 161 0.746327
154 162 0.732054
154 163 0.717252
154 164 0.701901
154 165 0.686098
154 166 0.669823
154 167 0.653171
154 168 0.636122
154 169 0.618764
154 170 0.601077
154 171 0.583142
154 172 0.564939
154 173 0.546541
154 174 0.527928
154 175 0.509165
154 176 0.490232
154 177 0.471186
154 178 0.452008
154 179 0.432748
154 180 0.413385
154 181 0.393966
154 182 0.374469
154 183 0.354934
154 184 0.335340
154 185 0.315724
154 186 0.296064
154 187 0.276392
154 188 0.256690
154 189 0.236982
154 190 0.217252
154 191 0.197522
154 192 0.177776
154 193 0.158033
154 194 0.138280
154 195 0.118531
154 196 0.098775
154 197 0.079022
154 198 0.059265
154 199 0.039511
154 200 0.019755
155 151 0.823582
155 152 0.816875
155 153 0.809353
155 154 0.801098
155 155 0.792050
155 156 0.782297
155 157 0.771789
155 158 0.760619
155 159 0.748749
155 160 0.736272
155 161 0.723160
155 162 0.709506
155 163 0.695285
155 164 0.680591
155 165 0.665403
155 166 0.649810
155 167 0.633793
155 168 0.617436
155 169 0.600720
155 170 0.583726
155 171 0.566433
155 172 0.548914
155 173 0.531151
155 174 0.513209
155 175 0.495068
155 176 0.476789
155 177 0.458351
155 178 0.439808
155 179 0.421139
155 180 0.402392
155 181 0.383547
155 182 0.364645
155 183 0.345668
155 184 0.326652
155 185 0.307578
155 186 0.288479
155 187 0.269336
155 188 0.250177
155 189 0.230986
155 190 0.211786
155 191 0.192562
155 192 0.173335
155 193 0.154090
155 194 0.134845
155 195 0.115588
155 196 0.096331
155 197 0.077067
155 198 0.057803
155 199 0.038536
155 200 0.019268
156 151 0.797423
156 152 0.790837
156 153 0.783561
156 154 0.775528
156 155 0.766820
156 156 0.757382
156 157 0.747299
156 158 0.736528
156 159 0.725157
156 160 0.713149
156 161 0.700595
156 162 0.687465
156 163 0.673850
156 164 0.659721
156 165 0.645169
156 166 0.630169
156 167 0.614807
156 168 0.599059
156 169 0.583006
156 170 0.566627
156 171 0.549996
156 172 0.533092
156 173 0.515983
156 174 0.498649
156 175 0.481151
156 176 0.463469
156 177 0.445659
156 178 0.427700
156 179 0.409642
156 180 0.391466
156 181 0.373215
156 182 0.354870
156 183 0.336470
156 184 0.317996
156 185 0.299484
156 186 0.280914
156 187 0.262317
156 188 0.243677
156 189 0.225018
156 190 0.206326
156 191 0.187623
156 192 0.168896
156 193 0.150162
156 194 0.131410
156 195 0.112654
156 196 0.093887
156 197 0.075117
156 198 0.056341
156 199 0.037563
156 200 0.018782
157 151 0.771956
157 152 0.765565
157 153 0.758456
157 154 0.750705
157 155 0.742253
157 156 0.733179
157 157 0.723434
157 158 0.713102
157 159 0.702140
157 160 0.690634
157 161 0.678549
157 162 0.665971
157 163 0.652871
157 164 0.639332
157 165 0.625330
157 166 0.610946
157 167 0.596155
157 168 0.581038
157 169 0.565571
157 170 0.549828
157 171 0.533788
157 172 0.517519
157 173 0.500999
157 174 0.484293
157 175 0.467379
157 176 0.450315
157 177 0.433080
157 178 0.415726
157 179 0.398232
157 180 0.380646
157 181 0.362948
157 182 0.345178
157 183 0.327319
157 184 0.309406
157 185 0.291423
157 186 0.273400
157 187 0.255321
157 188 0.237215
157 189 0.219065
157 190 0.200896
157 191 0.182694
157 192 0.164478
157 193 0.146238
157 194 0.127990
157 195 0.109724
157 196 0.091453
157 197 0.073170
157 198 0.054883
157 199 0.036591
157 200 0.018296
158 151 0.747212
158 152 0.740940
158 153 0.734064
158 154 0.726516
158 155 0.718375
158 156 0.709584
158 157 0.700223
158 158 0.690244
158 159 0.679730
158 160 0.668639
158 161 0.657055
158 162 0.644944
158 163 0.632387
158 164 0.619354
158 165 0.605927
158 166 0.592077
158 167 0.577883
158 168 0.563319
158 169 0.548460
158 170 0.533282
158 171 0.517854
158 172 0.502153
158 173 0.486245
158 174 0.470107
158 175 0.453798
158 176 0.437296
158 177 0.420657
158 178 0.403858
158 179 0.386948
158 180 0.369908
158 181 0.352782
158 182 0.335549
158 183 0.318248
158 184 0.300862
158 185 0.283425
158 186 0.265919
158 187 0.248375
158 188 0.230777
158 189 0.213150
158 190 0.195481
158 191 0.177793
158 192 0.160071
158 193 0.142336
158 194 0.124577
158 195 0.106808
158 196 0.089023
158 197 0.071231
158 198 0.053429
158 199 0.035623
158 200 0.017812
159 151 0.723075
159 152 0.716994
159 153 0.710275
159 154 0.702991
159 155 0.695083
159 156 0.686625
159 157 0.677567
159 158 0.667985
159 159 0.657836
159 160 0.647198
159 161 0.636032
159 162 0.624420
159 163 0.612324
159 164 0.599826
159 165 0.586894
159 166 0.573605
159 167 0.559931
159 168 0.545945
159 169 0.531622
159 170 0.517031
159 171 0.502149
159 172 0.487040
159 173 0.471680
159 174 0.456131
159 175 0.440370
159 176 0.424453
159 177 0.408358
159 178 0.392135
159 179 0.375763
159 180 0.359289
159 181 0.342693
159 182 0.326015
159 183 0.309237
159 184 0.292396
159 185 0.275472
159 186 0.258500
159 187 0.241462
159 188 0.224387
159 189 0.207260
159 190 0.190105
159 191 0.172909
159 192 0.155693
159 193 0.138446
159 194 0.121184
159 195 0.103900
159 196 0.086606
159 197 0.069297
159 198 0.051982
159 199 0.034657
159 200 0.017330
160 151 0.699580
160 152 0.693617
160 153 0.687120
160 154 0.680025
160 155 0.672406
160 156 0.664205
160 157 0.655498
160 158 0.646234
160 159 0.636492
160 160 0.626227
160 161 0.615517
160 162 0.604322
160 163 0.592721
160 164 0.580680
160 165 0.568272
160 166 0.555468
160 167 0.542341
160 168 0.528861
160 169 0.515099
160 170 0.501029
160 171 0.486716
160 172 0.472135
160 173 0.457347
160 174 0.442330
160 175 0.427139
160 176 0.411752
160 177 0.396222
160 178 0.380527
160 179 0.364714
160 180 0.348763
160 181 0.332716
160 182 0.316555
160 183 0.300317
160 184 0.283986
160 185 0.267593
160 186 0.251124
160 187 0.234608
160 188 0.218030
160 189 0.201416
160 190 0.184752
160 191 0.168061
160 192 0.151332
160 193 0.134582
160 194 0.117804
160 195 0.101011
160 196 0.084198
160 197 0.067375
160 198 0.050539
160 199 0.033698
160 200 0.016850
161 151 0.676620
161 152 0.670844
161 153 0.664497
161 154 0.657653
161 155 0.650248
161 156 0.642356
161 157 0.633924
161 158 0.625025
161 159 0.615613
161 160 0.605761
161 161 0.595428
161 162 0.584689
161 163 0.573506
161 164 0.561953
161 165 0.549996
161 166 0.537707
161 167 0.525055
161 168 0.512108
161 169 0.498840
161 170 0.485315
161 171 0.471508
161 172 0.457479
161 173 0.443204
161 174 0.428741
161 175 0.414066
161 176 0.399232
161 177 0.384218
161 178 0.369071
161 179 0.353771
161 180 0.338362
161 181 0.322825
161 182 0.307199
161 183 0.291466
161 184 0.275661
161 185 0.259768
161 186 0.243818
161 187 0.227796
161 188 0.211729
161 189 0.195603
161 190 0.179443
161 191 0.163237
161 192 0.147005
161 193 0.130736
161 194 0.114449
161 195 0.098135
161 196 0.081807
161 197 0.065461
161 198 0.049107
161 199 0.032742
161 200 0.016373
162 151 0.654234
162 152 0.648574
162 153 0.642442
162 154 0.635775
162 155 0.628642
162 156 0.620986
162 157 0.612879
162 158 0.604271
162 159 0.595233
162 160 0.585720
162 161 0.575804
162 162 0.565446
162 163 0.554716
162 164 0.543579
162 165 0.532104
162 166 0.520259
162 167 0.508112
162 168 0.495632
162 169 0.482884
162 170 0.469841
162 171 0.456565
162 172 0.443029
162 173 0.429291
162 174 0.415326
162 175 0.401190
162 176 0.386858
162 177 0.372381
162 178 0.357736
162 179 0.342970
162 180 0.328061
162 181 0.313052
162 182 0.297924
162 183 0.282713
162 184 0.267402
162 185 0.252024
162 186 0.236563
162 187 0.221049
162 188 0.205468
162 189 0.189844
162 190 0.174165
162 191 0.158454
162 192 0.142700
162 193 0.126921
162 194 0.111110
162 195 0.095280
162 196 0.079427
162 197 0.063562
162 198 0.047681
162 199 0.031793
162 200 0.015898
163 151 0.632321
163 152 0.626845
163 153 0.620858
163 154 0.614429
163 155 0.607496
163 156 0.600130
163 157 0.592277
163 158 0.584007
163 159 0.575270
163 160 0.566139
163 161 0.556569
163 162 0.546629
163 163 0.536282
163 164 0.525595
163 165 0.514534
163 166 0.503164
163 167 0.491455
163 168 0.479470
163 169 0.467180
163 170 0.454646
163 171 0.441840
163 172 0.428822
163 173 0.415565
163 174 0.402123
163 175 0.388473
163 176 0.374665
163 177 0.360678
163 178 0.346556
163 179 0.332280
163 180 0.317891
163 181 0.303372
163 182 0.288758
163 183 0.274034
163 184 0.259233
163 185 0.244340
163 186 0.229384
163 187 0.214351
163 188 0.199267
163 189 0.184122
163 190 0.168936
163 191 0.153700
163 192 0.138434
163 193 0.123128
163 194 0.107799
163 195 0.092441
163 196 0.077067
163 197 0.061672
163 198 0.046266
163 199 0.030849
163 200 0.015426
164 151 0.610922
164 152 0.605562
164 153 0.599784
164 154 0.593523
164 155 0.586848
164 156 0.579702
164 157 0.572154
164 158 0.564151
164 159 0.555762
164 160 0.546942
164 161 0.537758
164 162 0.528168
164 163 0.518240
164 164 0.507936
164 165 0.497322
164 166 0.486362
164 167 0.475122
164 168 0.463569
164 169 0.451764
164 170 0.439679
164 171 0.427371
164 172 0.414814
164 173 0.402063
164 174 0.389091
164 175 0.375951
164 176 0.362619
164 177 0.349142
164 178 0.335499
164 179 0.321733
164 180 0.307825
164 181 0.293812
164 182 0.279678
164 183 0.265458
164 184 0.251135
164 185 0.236741
164 186 0.222260
164 187 0.207722
164 188 0.193112
164 189 0.178456
164 190 0.163742
164 191 0.148991
164 192 0.134194
164 193 0.119369
164 194 0.104509
164 195 0.089627
164 196 0.074720
164 197 0.059798
164 198 0.044860
164 199 0.029913
164 200 0.014958
165 151 0.589944
165 152 0.584766
165 153 0.579128
165 154 0.573096
165 155 0.566611
165 156 0.559739
165 157 0.552426
165 158 0.544740
165 159 0.536631
165 160 0.528166
165 161 0.519300
165 162 0.510100
165 163 0.500524
165 164 0.490639
165 165 0.480407
165 166 0.469890
165 167 0.459056
165 168 0.447965
165 169 0.436587
165 170 0.424978
165 171 0.413112
165 172 0.401042
165 173 0.388743
165 174 0.376266
165 175 0.363586
165 176 0.350752
165 177 0.337741
165 178 0.324597
165 179 0.311300
165 180 0.297890
165 181 0.284348
165 182 0.270711
165 183 0.256961
165 184 0.243131
165 185 0.229206
165 186 0.215216
165 187 0.201146
165 188 0.187022
165 189 0.172833
165 190 0.158600
165 191 0.144315
165 192 0.129996
165 193 0.115635
165 194 0.101249
165 195 0.086831
165 196 0.072394
165 197 0.057936
165 198 0.043465
165 199 0.028982
165 200 0.014493
166 151 0.569429
166 152 0.564367
166 153 0.558931
166 154 0.553062
166 155 0.546822
166 156 0.540158
166 157 0.533132
166 158 0.525696
166 159 0.517913
166 160 0.509736
166 161 0.501231
166 162 0.492355
166 163 0.483171
166 164 0.473640
166 165 0.463825
166 166 0.453689
166 167 0.443294
166 168 0.432606
166 169 0.421683
166 170 0.410495
166 171 0.399097
166 172 0.387461
166 173 0.375640
166 174 0.363607
166 175 0.351411
166 176 0.339029
166 177 0.326506
166 178 0.313819
166 179 0.301010
166 180 0.288061
166 181 0.275007
166 182 0.261831
166 183 0.248568
166 184 0.235200
166 185 0.221760
166 186 0.208231
166 187 0.194642
166 188 0.180980
166 189 0.167269
166 190 0.153497
166 191 0.139686
166 192 0.125827
166 193 0.111938
166 194 0.098011
166 195 0.084061
166 196 0.070084
166 197 0.056091
166 198 0.042080
166 199 0.028060
166 200 0.014032
167 151 0.549288
167 152 0.544406
167 153 0.539108
167 154 0.533459
167 155 0.527401
167 156 0.520997
167 157 0.514194
167 158 0.507056
167 159 0.499534
167 160 0.491691
167 161 0.483482
167 162 0.474970
167 163 0.466115
167 164 0.456976
167 165 0.447517
167 166 0.437796
167 167 0.427780
167 168 0.417526
167 169 0.407002
167 170 0.396263
167 171 0.385281
167 172 0.374105
167 173 0.362712
167 174 0.351148
167 175 0.339389
167 176 0.327482
167 177 0.315402
167 178 0.303193
167 179 0.290834
167 180 0.278363
167 181 0.265761
167 182 0.253064
167 183 0.240255
167 184 0.227366
167 185 0.214380
167 186 0.201328
167 187 0.188194
167 188 0.175005
167 189 0.161750
167 190 0.148448
167 191 0.135093
167 192 0.121702
167 193 0.108267
167 194 0.094805
167 195 0.081311
167 196 0.067796
167 197 0.054259
167 198 0.040708
167 199 0.027145
167 200 0.013575
168 151 0.529565
168 152 0.524799
168 153 0.519699
168 154 0.514207
168 155 0.508385
168 156 0.502178
168 157 0.495648
168 158 0.488746
168 159 0.481531
168 160 0.473959
168 161 0.466089
168 162 0.457881
168 163 0.449392
168 164 0.440585
168 165 0.431517
168 166 0.422154
168 167 0.412550
168 168 0.402674
168 169 0.392579
168 170 0.382237
168 171 0.371696
168 172 0.360932
168 173 0.349991
168 174 0.338849
168 175 0.327551
168 176 0.316074
168 177 0.304460
168 178 0.292689
168 179 0.280798
168 180 0.268769
168 181 0.256638
168 182 0.244386
168 183 0.232047
168 184 0.219605
168 185 0.207089
168 186 0.194486
168 187 0.181820
168 188 0.169081
168 189 0.156291
168 190 0.143440
168 191 0.130548
168 192 0.117608
168 193 0.104634
168 194 0.091623
168 195 0.078588
168 196 0.065525
168 197 0.052445
168 198 0.039346
168 199 0.026238
168 200 0.013121
169 151 0.510177
169 152 0.505587
169 153 0.500623
169 154 0.495345
169 155 0.489698
169 156 0.483740
169 157 0.477422
169 158 0.470802
169 159 0.463834
169 160 0.456577
169 161 0.448986
169 162 0.441121
169 163 0.432941
169 164 0.424502
169 165 0.415769
169 166 0.406796
169 167 0.397550
169 168 0.388083
169 169 0.378365
169 170 0.368447
169 171 0.358300
169 172 0.347972
169 173 0.337437
169 174 0.326741
169 175 0.315860
169 176 0.304835
169 177 0.293647
169 178 0.282332
169 179 0.270873
169 180 0.259305
169 181 0.247609
169 182 0.235820
169 183 0.223920
169 184 0.211941
169 185 0.199867
169 186 0.187725
169 187 0.175503
169 188 0.163224
169 189 0.150879
169 190 0.138487
169 191 0.126041
169 192 0.113557
169 193 0.101030
169 194 0.088475
169 195 0.075886
169 196 0.063277
169 197 0.050644
169 198 0.037998
169 199 0.025338
169 200 0.012671
170 151 0.491165
170 152 0.486692
170 153 0.481922
170 154 0.476797
170 155 0.471377
170 156 0.465609
170 157 0.459551
170 158 0.453156
170 159 0.446480
170 160 0.439479
170 161 0.432208
170 162 0.424629
170 163 0.416795
170 164 0.408670
170 165 0.400306
170 166 0.391670
170 167 0.382813
170 168 0.373704
170 169 0.364392
170 170 0.354849
170 171 0.345121
170 172 0.335183
170 173 0.325079
170 174 0.314785
170 175 0.304344
170 176 0.293731
170 177 0.282988
170 178 0.272094
170 179 0.261085
170 180 0.249942
170 181 0.238700
170 182 0.227341
170 183 0.215896
170 184 0.204350
170 185 0.192731
170 186 0.181026
170 187 0.169259
170 188 0.157419
170 189 0.145527
170 190 0.133576
170 191 0.121582
170 192 0.109540
170 193 0.097464
170 194 0.085351
170 195 0.073212
170 196 0.061046
170 197 0.048862
170 198 0.036660
170 199 0.024447
170 200 0.012225
171 151 0.472452
171 152 0.468154
171 153 0.463519
171 154 0.458602
171 155 0.453351
171 156 0.447823
171 157 0.441968
171 158 0.435843
171 159 0.429401
171 160 0.422699
171 161 0.415694
171 162 0.408439
171 163 0.400898
171 164 0.393121
171 165 0.385074
171 166 0.376807
171 167 0.368289
171 168 0.359567
171 169 0.350613
171 170 0.341472
171 171 0.332118
171 172 0.322596
171 173 0.312879
171 174 0.303011
171 175 0.292968
171 176 0.282789
171 177 0.272454
171 178 0.261998
171 179 0.251404
171 180 0.240705
171 181 0.229884
171 182 0.218971
171 183 0.207952
171 184 0.196854
171 185 0.185664
171 186 0.174407
171 187 0.163072
171 188 0.151680
171 189 0.140223
171 190 0.128719
171 191 0.117161
171 192 0.105566
171 193 0.093928
171 194 0.082260
171 195 0.070560
171 196 0.058839
171 197 0.047094
171 198 0.035335
171 199 0.023563
171 200 0.011784
172 151 0.454079
172 152 0.449899
172 153 0.445453
172 154 0.440687
172 155 0.435656
172 156 0.430312
172 157 0.424707
172 158 0.418797
172 159 0.412633
172 160 0.406176
172 161 0.399475
172 162 0.392493
172 163 0.385280
172 164 0.377800
172 165 0.370103
172 166 0.362157
172 167 0.354008
172 168 0.345626
172 169 0.337057
172 170 0.328274
172 171 0.319320
172 172 0.310170
172 173 0.300864
172 174 0.291381
172 175 0.281758
172 176 0.271974
172 177 0.262067
172 178 0.252016
172 179 0.241855
172 180 0.231567
172 181 0.221183
172 182 0.210687
172 183 0.200107
172 184 0.189430
172 185 0.178682
172 186 0.167850
172 187 0.156957
172 188 0.145993
172 189 0.134979
172 190 0.123905
172 191 0.112789
172 192 0.101626
172 193 0.090429
172 194 0.079195
172 195 0.067936
172 196 0.056649
172 197 0.045344
172 198 0.034021
172 199 0.022688
172 200 0.011346
173 151 0.435974
173 152 0.431967
173 153 0.427654
173 154 0.423091
173 155 0.418226
173 156 0.413112
173 157 0.407704
173 158 0.402052
173 159 0.396115
173 160 0.389942
173 161 0.383494
173 162 0.376821
173 163 0.369887
173 164 0.362739
173 165 0.355344
173 166 0.347749
173 167 0.339922
173 168 0.331909
173 169 0.323681
173 170 0.315282
173 171 0.306685
173 172 0.297931
173 173 0.288997
173 174 0.279921
173 175 0.270680
173 176 0.261313
173 177 0.251797
173 178 0.242169
173 179 0.232409
173 180 0.222548
173 181 0.212571
173 182 0.202507
173 183 0.192340
173 184 0.182098
173 185 0.171767
173 186 0.161371
173 187 0.150898
173 188 0.140372
173 189 0.129780
173 190 0.119144
173 191 0.108455
173 192 0.097728
173 193 0.086960
173 194 0.076162
173 195 0.065333
173 196 0.054482
173 197 0.043608
173 198 0.032721
173 199 0.021820
173 200 0.010912
174 151 0.418175
174 152 0.414287
174 153 0.410161
174 154 0.405746
174 155 0.401095
174 156 0.396160
174 157 0.390992
174 158 0.385548
174 159 0.379877
174 160 0.373939
174 161 0.367783
174 162 0.361370
174 163 0.354750
174 164 0.347886
174 165 0.340825
174 166 0.333535
174 167 0.326060
174 168 0.318372
174 169 0.310513
174 170 0.302455
174 171 0.294240
174 172 0.285843
174 173 0.277303
174 174 0.268596
174 175 0.259759
174 176 0.250772
174 177 0.241668
174 178 0.232429
174 179 0.223087
174 180 0.213624
174 181 0.204070
174 182 0.194409
174 183 0.184669
174 184 0.174836
174 185 0.164934
174 186 0.154951
174 187 0.144910
174 188 0.134800
174 189 0.124641
174 190 0.114425
174 191 0.104168
174 192 0.093864
174 193 0.083528
174 194 0.073155
174 195 0.062758
174 196 0.052333
174 197 0.041891
174 198 0.031431
174 199 0.020961
174 200 0.010482
175 151 0.400616
175 152 0.396898
175 153 0.392906
175 154 0.388689
175 155 0.384200
175 156 0.379489
175 157 0.374512
175 158 0.369317
175 159 0.363864
175 160 0.358200
175 161 0.352286
175 162 0.346170
175 163 0.339816
175 164 0.333269
175 165 0.326497
175 166 0.319543
175 167 0.312377
175 168 0.305042
175 169 0.297509
175 170 0.289819
175 171 0.281947
175 172 0.273930
175 173 0.265745
175 174 0.257430
175 175 0.248961
175 176 0.240374
175 177 0.231649
175 178 0.222818
175 179 0.213863
175 180 0.204814
175 181 0.195654
175 182 0.186412
175 183 0.177073
175 184 0.167661
175 185 0.158165
175 186 0.148607
175 187 0.138976
175 188 0.129292
175 189 0.119547
175 190 0.109758
175 191 0.099917
175 192 0.090041
175 193 0.080124
175 194 0.070180
175 195 0.060203
175 196 0.050206
175 197 0.040187
175 198 0.030155
175 199 0.020109
175 200 0.010057
176 151 0.383333
176 152 0.379735
176 153 0.375925
176 154 0.371856
176 155 0.367575
176 156 0.363040
176 157 0.358295
176 158 0.353302
176 159 0.348106
176 160 0.342668
176 161 0.337034
176 162 0.331169
176 163 0.325115
176 164 0.318841
176 165 0.312389
176 166 0.305728
176 167 0.298900
176 168 0.291876
176 169 0.284696
176 170 0.277334
176 171 0.269829
176 172 0.262155
176 173 0.254349
176 174 0.246389
176 175 0.238310
176 176 0.230090
176 177 0.221762
176 178 0.213308
176 179 0.204757
176 180 0.196093
176 181 0.187343
176 182 0.178493
176 183 0.169567
176 184 0.160554
176 185 0.151475
176 186 0.142320
176 187 0.133109
176 188 0.123833
176 189 0.114509
176 190 0.105131
176 191 0.095713
176 192 0.086251
176 193 0.076757
176 194 0.067229
176 195 0.057676
176 196 0.048097
176 197 0.038502
176 198 0.028889
176 199 0.019266
176 200 0.009635
177 151 0.366263
177 152 0.362834
177 153 0.359158
177 154 0.355282
177 155 0.351162
177 156 0.346843
177 157 0.342286
177 158 0.337533
177 159 0.332548
177 160 0.327374
177 161 0.321975
177 162 0.316394
177 163 0.310598
177 164 0.304628
177 165 0.298454
177 166 0.292116
177 167 0.285585
177 168 0.278899
177 169 0.272034
177 170 0.265025
177 171 0.257850
177 172 0.250542
177 173 0.243079
177 174 0.235497
177 175 0.227773
177 176 0.219939
177 177 0.211977
177 178 0.203917
177 179 0.195742
177 180 0.187478
177 181 0.179112
177 182 0.170668
177 183 0.162133
177 184 0.153529
177 185 0.144846
177 186 0.136105
177 187 0.127294
177 188 0.118434
177 189 0.109515
177 190 0.100554
177 191 0.091544
177 192 0.082501
177 193 0.073418
177 194 0.064308
177 195 0.055169
177 196 0.046010
177 197 0.036829
177 198 0.027636
177 199 0.018429
177 200 0.009217
178 151 0.349441
178 152 0.346134
178 153 0.342637
178 154 0.338908
178 155 0.334991
178 156 0.330845
178 157 0.326513
178 158 0.321958
178 159 0.317221
178 160 0.312267
178 161 0.307137
178 162 0.301799
178 163 0.296292
178 164 0.290586
178 165 0.284719
178 166 0.278663
178 167 0.272457
178 168 0.266072
178 169 0.259546
178 170 0.252855
178 171 0.246032
178 172 0.239055
178 173 0.231958
178 174 0.224719
178 175 0.217371
178 176 0.209893
178 177 0.202315
178 178 0.194621
178 179 0.186836
178 180 0.178947
178 181 0.170978
178 182 0.162916
178 183 0.154783
178 184 0.146568
178 185 0.138292
178 186 0.129944
178 187 0.121543
178 188 0.113081
178 189 0.104574
178 190 0.096015
178 191 0.087419
178 192 0.078781
178 193 0.070113
178 194 0.061412
178 195 0.052688
178 196 0.043939
178 197 0.035174
178 198 0.026392
178 199 0.017601
178 200 0.008802
179 151 0.332809
179 152 0.329668
179 153 0.326306
179 154 0.322766
179 155 0.319008
179 156 0.315074
179 157 0.310925
179 158 0.306603
179 159 0.302072
179 160 0.297373
179 161 0.292472
179 162 0.287408
179 163 0.282151
179 164 0.276738
179 165 0.271140
179 166 0.265395
179 167 0.259476
179 168 0.253418
179 169 0.247196
179 170 0.240844
179 171 0.234341
179 172 0.227717
179 173 0.220953
179 174 0.214078
179 175 0.207074
179 176 0.199970
179 177 0.192748
179 178 0.185435
179 179 0.178016
179 180 0.170516
179 181 0.162920
179 182 0.155252
179 183 0.147500
179 184 0.139685
179 185 0.131795
179 186 0.123850
179 187 0.115841
179 188 0.107785
179 189 0.099674
179 190 0.091524
179 191 0.083328
179 192 0.075099
179 193 0.066835
179 194 0.058544
179 195 0.050226
179 196 0.041888
179 197 0.033531
179 198 0.025161
179 199 0.016780
179 200 0.008392
180 151 0.316400
180 152 0.313381
180 153 0.310196
180 154 0.306802
180 155 0.303243
180 156 0.299478
180 157 0.295550
180 158 0.291421
180 159 0.287131
180 160 0.282646
180 161 0.278006
180 162 0.273178
180 163 0.268200
180 164 0.263043
180 165 0.257742
180 166 0.252271
180 167 0.246665
180 168 0.240898
180 169 0.235004
180 170 0.228959
180 171 0.222797
180 172 0.216494
180 173 0.210083
180 174 0.203542
180 175 0.196901
180 176 0.190143
180 177 0.183293
180 178 0.176336
180 179 0.169297
180 180 0.162161
180 181 0.154952
180 182 0.147657
180 183 0.140297
180 184 0.132860
180 185 0.125367
180 186 0.117807
180 187 0.110198
180 188 0.102532
180 189 0.094824
180 190 0.087068
180 191 0.079277
180 192 0.071447
180 193 0.063589
180 194 0.055699
180 195 0.047788
180 196 0.039854
180 197 0.031904
180 198 0.023940
180 199 0.015966
180 200 0.007984
181 151 0.300158
181 152 0.297304
181 153 0.294253
181 154 0.291046
181 155 0.287644
181 156 0.284087
181 157 0.280338
181 158 0.276436
181 159 0.272348
181 160 0.268111
181 161 0.263694
181 162 0.259132
181 163 0.254396
181 164 0.249523
181 165 0.244484
181 166 0.239313
181 167 0.233986
181 168 0.228534
181 169 0.222935
181 170 0.217220
181 171 0.211367
181 172 0.205406
181 173 0.199318
181 174 0.193130
181 175 0.186825
181 176 0.180429
181 177 0.173925
181 178 0.167339
181 179 0.160656
181 180 0.153899
181 181 0.147054
181 182 0.140143
181 183 0.133155
181 184 0.126108
181 185 0.118993
181 186 0.111827
181 187 0.104601
181 188 0.097333
181 189 0.090013
181 190 0.082657
181 191 0.075259
181 192 0.067830
181 193 0.060368
181 194 0.052881
181 195 0.045369
181 196 0.037839
181 197 0.030290
181 198 0.022730
181 199 0.015158
181 200 0.007581
182 151 0.284114
182 152 0.281384
182 153 0.278507
182 154 0.275447
182 155 0.272239
182 156 0.268850
182 157 0.265316
182 158 0.261604
182 159 0.257750
182 160 0.253724
182 161 0.249559
182 162 0.245228
182 163 0.240763
182 164 0.236139
182 165 0.231387
182 166 0.226484
182 167 0.221459
182 168 0.216291
182 169 0.211010
182 170 0.205593
182 171 0.200071
182 172 0.194423
182 173 0.188677
182 174 0.182814
182 175 0.176862
182 176 0.170802
182 177 0.164660
182 178 0.158421
182 179 0.152108
182 180 0.145707
182 181 0.139239
182 182 0.132692
182 183 0.126086
182 184 0.119410
182 185 0.112682
182 186 0.105893
182 187 0.099060
182 188 0.092173
182 189 0.085248
182 190 0.078279
182 191 0.071278
182 192 0.064240
182 193 0.057177
182 194 0.050084
182 195 0.042972
182 196 0.035838
182 197 0.028690
182 198 0.021528
182 199 0.014358
182 200 0.007180
183 151 0.268217
183 152 0.265650
183 153 0.262909
183 154 0.260031
183 155 0.256981
183 156 0.253794
183 157 0.250438
183 158 0.246948
183 159 0.243293
183 160 0.239507
183 161 0.235561
183 162 0.231487
183 163 0.227261
183 164 0.222911
183 165 0.218415
183 166 0.213803
183 167 0.209051
183 168 0.204188
183 169 0.199195
183 170 0.194097
183 171 0.188877
183 172 0.183561
183 173 0.178130
183 174 0.172610
183 175 0.166985
183 176 0.161278
183 177 0.155474
183 178 0.149596
183 179 0.143631
183 180 0.137598
183 181 0.131486
183 182 0.125315
183 183 0.119073
183 184 0.112778
183 185 0.106421
183 186 0.100017
183 187 0.093560
183 188 0.087063
183 189 0.080519
183 190 0.073942
183 191 0.067326
183 192 0.060683
183 193 0.054009
183 194 0.047312
183 195 0.040592
183 196 0.033856
183 197 0.027102
183 198 0.020338
183 199 0.013563
183 200 0.006783
184 151 0.252496
184 152 0.250055
184 153 0.247485
184 154 0.244753
184 155 0.241894
184 156 0.238874
184 157 0.235728
184 158 0.232426
184 159 0.228999
184 160 0.225420
184 161 0.221720
184 162 0.217873
184 163 0.213909
184 164 0.209804
184 165 0.205587
184 166 0.201236
184 167 0.196778
184 168 0.192193
184 169 0.187507
184 170 0.182702
184 171 0.177803
184 172 0.172792
184 173 0.167694
184 174 0.162492
184 175 0.157209
184 176 0.151832
184 177 0.146381
184 178 0.140842
184 179 0.135237
184 180 0.129553
184 181 0.123809
184 182 0.117995
184 183 0.112126
184 184 0.106196
184 185 0.100217
184 186 0.094184
184 187 0.088110
184 188 0.081989
184 189 0.075832
184 190 0.069636
184 191 0.063410
184 192 0.057151
184 193 0.050869
184 194 0.044560
184 195 0.038233
184 196 0.031887
184 197 0.025527
184 198 0.019155
184 199 0.012775
184 200 0.006389
185 151 0.236903
185 152 0.234622
185 153 0.232190
185 154 0.229637
185 155 0.226935
185 156 0.224114
185 157 0.221145
185 158 0.218059
185 159 0.214828
185 160 0.211484
185 161 0.207999
185 162 0.204403
185 163 0.200673
185 164 0.196835
185 165 0.192869
185 166 0.188800
185 167 0.184609
185 168 0.180321
185 169 0.175917
185 170 0.171423
185 171 0.166819
185 172 0.162131
185 173 0.157342
185 174 0.152473
185 175 0.147512
185 176 0.142477
185 177 0.137358
185 178 0.132172
185 179 0.126907
185 180 0.121584
185 181 0.116189
185 182 0.110741
185 183 0.105231
185 184 0.099672
185 185 0.094058
185 186 0.088403
185 187 0.082699
185 188 0.076959
185 189 0.071178
185 190 0.065366
185 191 0.059520
185 192 0.053649
185 193 0.047749
185 194 0.041830
185 195 0.035889
185 196 0.029934
185 197 0.023963
185 198 0.017982
185 199 0.011992
185 200 0.005998
186 151 0.221464
186 152 0.219310
186 153 0.217046
186 154 0.214641
186 155 0.212126
186 156 0.209472
186 157 0.206708
186 158 0.203808
186 159 0.200800
186 160 0.197661
186 161 0.194416
186 162 0.191043
186 163 0.187569
186 164 0.183971
186 165 0.180277
186 166 0.176465
186 167 0.172560
186 168 0.168544
186 169 0.164440
186 170 0.160232
186 171 0.155941
186 172 0.151552
186 173 0.147087
186 174 0.142531
186 175 0.137904
186 176 0.133193
186 177 0.128417
186 178 0.123564
186 179 0.118652
186 180 0.113671
186 181 0.108636
186 182 0.103539
186 183 0.098394
186 184 0.093194
186 185 0.087952
186 186 0.082660
186 187 0.077333
186 188 0.071963
186 189 0.066562
186 190 0.061125
186 191 0.055662
186 192 0.050169
186 193 0.044655
186 194 0.039118
186 195 0.033564
186 196 0.027993
186 197 0.022411
186 198 0.016817
186 199 0.011216
186 200 0.005609
187 151 0.206135
187 152 0.204140
187 153 0.202014
187 154 0.199786
187 155 0.197428
187 156 0.194968
187 157 0.192380
187 158 0.189692
187 159 0.186880
187 160 0.183968
187 161 0.180937
187 162 0.177809
187 163 0.174565
187 164 0.171229
187 165 0.167781
187 166 0.164244
187 167 0.160602
187 168 0.156876
187 169 0.153049
187 170 0.149143
187 171 0.145143
187 172 0.141069
187 173 0.136907
187 174 0.132676
187 175 0.128364
187 176 0.123989
187 177 0.119538
187 178 0.115030
187 179 0.110453
187 180 0.105825
187 181 0.101134
187 182 0.096396
187 183 0.091603
187 184 0.086768
187 185 0.081884
187 186 0.076964
187 187 0.072000
187 188 0.067006
187 189 0.061974
187 190 0.056916
187 191 0.051827
187 192 0.046716
187 193 0.041580
187 194 0.036426
187 195 0.031253
187 196 0.026068
187 197 0.020868
187 198 0.015660
187 199 0.010444
187 200 0.005223
188 151 0.190939
188 152 0.189073
188 153 0.187113
188 154 0.185033
188 155 0.182859
188 156 0.180566
188 157 0.178179
188 158 0.175676
188 159 0.173082
188 160 0.170374
188 161 0.167577
188 162 0.164669
188 163 0.161676
188 164 0.158576
188 165 0.155394
188 166 0.152110
188 167 0.148747
188 168 0.145289
188 169 0.141755
188 170 0.138131
188 171 0.134436
188 172 0.130657
188 173 0.126812
188 174 0.122888
188 175 0.118903
188 176 0.114845
188 177 0.110732
188 178 0.106551
188 179 0.102320
188 180 0.098028
188 181 0.093690
188 182 0.089298
188 183 0.084864
188 184 0.080382
188 185 0.075863
188 186 0.071301
188 187 0.066708
188 188 0.062078
188 189 0.057420
188 190 0.052732
188 191 0.048020
188 192 0.043282
188 193 0.038526
188 194 0.033750
188 195 0.028959
188 196 0.024153
188 197 0.019336
188 198 0.014510
188 199 0.009677
188 200 0.004840
189 151 0.175837
189 152 0.174128
189 153 0.172307
189 154 0.170401
189 155 0.168384
189 156 0.166282
189 157 0.164072
189 158 0.161776
189 159 0.159376
189 160 0.156892
189 161 0.154305
189 162 0.151638
189 163 0.148872
189 164 0.146028
189 165 0.143089
189 166 0.140075
189 167 0.136971
189 168 0.133795
189 169 0.130535
189 170 0.127207
189 171 0.123798
189 172 0.120327
189 173 0.116780
189 174 0.113175
189 175 0.109501
189 176 0.105772
189 177 0.101979
189 178 0.098137
189 179 0.094235
189 180 0.090289
189 181 0.086290
189 182 0.082251
189 183 0.078164
189 184 0.074041
189 185 0.069876
189 186 0.065679
189 187 0.061445
189 188 0.057184
189 189 0.052892
189 190 0.048576
189 191 0.044234
189 192 0.039872
189 193 0.035489
189 194 0.031091
189 195 0.026676
189 196 0.022250
189 197 0.017813
189 198 0.013367
189 199 0.008915
189 200 0.004459
190 151 0.160847
190 152 0.159269
190 153 0.157612
190 154 0.155855
190 155 0.154019
190 156 0.152084
190 157 0.150071
190 158 0.147961
190 159 0.145774
190 160 0.143492
190 161 0.141135
190 162 0.138687
190 163 0.136166
190 164 0.133556
190 165 0.130877
190 166 0.128113
190 167 0.125283
190 168 0.122372
190 169 0.119398
190 170 0.116348
190 171 0.113239
190 172 0.110058
190 173 0.106822
190 174 0.103520
190 175 0.100166
190 176 0.096751
190 177 0.093288
190 178 0.089769
190 179 0.086207
190 180 0.082594
190 181 0.078941
190 182 0.075243
190 183 0.071509
190 184 0.067734
190 185 0.063928
190 186 0.060086
190 187 0.056217
190 188 0.052316
190 189 0.048392
190 190 0.044442
190 191 0.040472
190 192 0.036480
190 193 0.032472
190 194 0.028446
190 195 0.024409
190 196 0.020358
190 197 0.016298
190 198 0.012230
190 199 0.008157
190 200 0.004079
191 151 0.145936
191 152 0.144512
191 153 0.142996
191 154 0.141410
191 155 0.139733
191 156 0.137985
191 157 0.136148
191 158 0.134242
191 159 0.132248
191 160 0.130186
191 161 0.128039
191 162 0.125826
191 163 0.123531
191 164 0.121171
191 165 0.118733
191 166 0.116234
191 167 0.113659
191 168 0.111026
191 169 0.108322
191 170 0.105563
191 171 0.102737
191 172 0.099858
191 173 0.096917
191 174 0.093928
191 175 0.090881
191 176 0.087788
191 177 0.084643
191 178 0.081456
191 179 0.078220
191 180 0.074947
191 181 0.071629
191 182 0.068278
191 183 0.064887
191 184 0.061466
191 185 0.058010
191 186 0.054527
191 187 0.051014
191 188 0.047477
191 189 0.043914
191 190 0.040332
191 191 0.036727
191 192 0.033107
191 193 0.029468
191 194 0.025816
191 195 0.022151
191 196 0.018476
191 197 0.014791
191 198 0.011100
191 199 0.007403
191 200 0.003702
192 151 0.131117
192 152 0.129826
192 153 0.128472
192 154 0.127036
192 155 0.125537
192 156 0.123957
192 157 0.122314
192 158 0.120592
192 159 0.118808
192 160 0.116948
192 161 0.115027
192 162 0.113031
192 163 0.110976
192 164 0.108850
192 165 0.106667
192 166 0.104415
192 167 0.102110
192 168 0.099739
192 169 0.097316
192 170 0.094832
192 171 0.092299
192 172 0.089709
192 173 0.087073
192 174 0.084383
192 175 0.081651
192 176 0.078869
192 177 0.076049
192 178 0.073182
192 179 0.070280
192 180 0.067336
192 181 0.064360
192 182 0.061346
192 183 0.058303
192 184 0.055227
192 185 0.052125
192 186 0.048993
192 187 0.045840
192 188 0.042660
192 189 0.039461
192 190 0.036240
192 191 0.033003
192 192 0.029748
192 193 0.026480
192 194 0.023198
192 195 0.019905
192 196 0.016602
192 197 0.013292
192 198 0.009974
192 199 0.006652
192 200 0.003327
193 151 0.116362
193 152 0.115223
193 153 0.114011
193 154 0.112744
193 155 0.111404
193 156 0.110009
193 157 0.108543
193 158 0.107021
193 159 0.105431
193 160 0.103786
193 161 0.102074
193 162 0.100309
193 163 0.098480
193 164 0.096599
193 165 0.094656
193 166 0.092664
193 167 0.090613
193 168 0.088515
193 169 0.086360
193 170 0.084161
193 171 0.081909
193 172 0.079616
193 173 0.077273
193 174 0.074891
193 175 0.072463
193 176 0.069998
193 177 0.067492
193 178 0.064952
193 179 0.062373
193 180 0.059765
193 181 0.057121
193 182 0.054449
193 183 0.051746
193 184 0.049019
193 185 0.046264
193 186 0.043487
193 187 0.040686
193 188 0.037866
193 189 0.035025
193 190 0.032169
193 191 0.029294
193 192 0.026406
193 193 0.023504
193 194 0.020592
193 195 0.017669
193 196 0.014737
193 197 0.011798
193 198 0.008854
193 199 0.005905
193 200 0.002953
194 151 0.101680
194 152 0.100676
194 153 0.099623
194 154 0.098508
194 155 0.097343
194 156 0.096116
194 157 0.094841
194 158 0.093505
194 159 0.092121
194 160 0.090678
194 161 0.089188
194 162 0.087640
194 163 0.086047
194 164 0.084399
194 165 0.082707
194 166 0.080961
194 167 0.079174
194 168 0.077336
194 169 0.075459
194 170 0.073534
194 171 0.071571
194 172 0.069563
194 173 0.067521
194 174 0.065436
194 175 0.063318
194 176 0.061162
194 177 0.058976
194 178 0.056754
194 179 0.054504
194 180 0.052222
194 181 0.049915
194 182 0.047579
194 183 0.045220
194 184 0.042835
194 185 0.040430
194 186 0.038001
194 187 0.035556
194 188 0.033090
194 189 0.030609
194 190 0.028111
194 191 0.025601
194 192 0.023076
194 193 0.020541
194 194 0.017995
194 195 0.015441
194 196 0.012879
194 197 0.010311
194 198 0.007737
194 199 0.005161
194 200 0.002581
195 151 0.087047
195 152 0.086193
195 153 0.085285
195 154 0.084335
195 155 0.083331
195 156 0.082286
195 157 0.081189
195 158 0.080050
195 159 0.078859
195 160 0.077629
195 161 0.076348
195 162 0.075028
195 163 0.073660
195 164 0.072253
195 165 0.070800
195 166 0.069311
195 167 0.067777
195 168 0.066208
195 169 0.064597
195 170 0.062953
195 171 0.061269
195 172 0.059554
195 173 0.057802
195 174 0.056022
195 175 0.054206
195 176 0.052364
195 177 0.050489
195 178 0.048590
195 179 0.046662
195 180 0.044711
195 181 0.042734
195 182 0.040736
195 183 0.038714
195 184 0.036675
195 185 0.034614
195 186 0.032537
195 187 0.030441
195 188 0.028332
195 189 0.026207
195 190 0.024070
195 191 0.021919
195 192 0.019759
195 193 0.017587
195 194 0.015408
195 195 0.013221
195 196 0.011028
195 197 0.008828
195 198 0.006625
195 199 0.004418
195 200 0.002210
196 151 0.072469
196 152 0.071752
196 153 0.071000
196 154 0.070204
196 155 0.069373
196 156 0.068498
196 157 0.067588
196 158 0.066635
196 159 0.065649
196 160 0.064620
196 161 0.063558
196 162 0.062455
196 163 0.061320
196 164 0.060145
196 165 0.058939
196 166 0.057696
196 167 0.056422
196 168 0.055113
196 169 0.053776
196 170 0.052404
196 171 0.051006
196 172 0.049576
196 173 0.048120
196 174 0.046635
196 175 0.045127
196 176 0.043591
196 177 0.042033
196 178 0.040450
196 179 0.038847
196 180 0.037221
196 181 0.035577
196 182 0.033913
196 183 0.032232
196 184 0.030532
196 185 0.028818
196 186 0.027088
196 187 0.025345
196 188 0.023587
196 189 0.021819
196 190 0.020039
196 191 0.018249
196 192 0.016450
196 193 0.014643
196 194 0.012828
196 195 0.011008
196 196 0.009181
196 197 0.007350
196 198 0.005516
196 199 0.003679
196 200 0.001840
197 151 0.057925
197 152 0.057355
197 153 0.056750
197 154 0.056117
197 155 0.055449
197 156 0.054753
197 157 0.054022
197 158 0.053264
197 159 0.052472
197 160 0.051653
197 161 0.050800
197 162 0.049922
197 163 0.049011
197 164 0.048076
197 165 0.047109
197 166 0.046118
197 167 0.045097
197 168 0.044054
197 169 0.042982
197 170 0.041889
197 171 0.040769
197 172 0.039628
197 173 0.038463
197 174 0.037278
197 175 0.036070
197 176 0.034845
197 177 0.033598
197 178 0.032334
197 179 0.031052
197 180 0.029754
197 181 0.028438
197 182 0.027109
197 183 0.025764
197 184 0.024407
197 185 0.023036
197 186 0.021654
197 187 0.020259
197 188 0.018856
197 189 0.017441
197 190 0.016019
197 191 0.014588
197 192 0.013150
197 193 0.011705
197 194 0.010255
197 195 0.008799
197 196 0.007340
197 197 0.005876
197 198 0.004410
197 199 0.002941
197 200 0.001471
198 151 0.043417
198 152 0.042987
198 153 0.042536
198 154 0.042059
198 155 0.041561
198 156 0.041036
198 157 0.040491
198 158 0.039920
198 159 0.039329
198 160 0.038712
198 161 0.038076
198 162 0.037415
198 163 0.036735
198 164 0.036031
198 165 0.035309
198 166 0.034564
198 167 0.033801
198 168 0.033017
198 169 0.032216
198 170 0.031395
198 171 0.030557
198 172 0.029700
198 173 0.028829
198 174 0.027939
198 175 0.027036
198 176 0.026116
198 177 0.025183
198 178 0.024235
198 179 0.023275
198 180 0.022301
198 181 0.021316
198 182 0.020319
198 183 0.019312
198 184 0.018293
198 185 0.017267
198 186 0.016230
198 187 0.015186
198 188 0.014133
198 189 0.013074
198 190 0.012007
198 191 0.010935
198 192 0.009857
198 193 0.008774
198 194 0.007687
198 195 0.006596
198 196 0.005501
198 197 0.004404
198 198 0.003305
198 199 0.002204
198 200 0.001102
199 151 0.028931
199 152 0.028646
199 153 0.028343
199 154 0.028027
199 155 0.027693
199 156 0.027345
199 157 0.026980
199 158 0.026601
199 159 0.026206
199 160 0.025796
199 161 0.025371
199 162 0.024932
199 163 0.024477
199 164 0.024010
199 165 0.023527
199 166 0.023032
199 167 0.022523
199 168 0.022002
199 169 0.021466
199 170 0.020920
199 171 0.020361
199 172 0.019792
199 173 0.019210
199 174 0.018618
199 175 0.018015
199 176 0.017403
199 177 0.016780
199 178 0.016150
199 179 0.015509
199 180 0.014861
199 181 0.014204
199 182 0.013540
199 183 0.012868
199 184 0.012191
199 185 0.011506
199 186 0.010816
199 187 0.010119
199 188 0.009418
199 189 0.008712
199 190 0.008001
199 191 0.007287
199 192 0.006569
199 193 0.005847
199 194 0.005122
199 195 0.004395
199 196 0.003666
199 197 0.002935
199 198 0.002203
199 199 0.001469
199 200 0.000735
200 151 0.014462
200 152 0.014318
200 153 0.014168
200 154 0.014009
200 155 0.013843
200 156 0.013668
200 157 0.013487
200 158 0.013296
200 159 0.013099
200 160 0.012894
200 161 0.012682
200 162 0.012462
200 163 0.012235
200 164 0.012001
200 165 0.011761
200 166 0.011512
200 167 0.011258
200 168 0.010997
200 169 0.010730
200 170 0.010457
200 171 0.010178
200 172 0.009893
200 173 0.009602
200 174 0.009306
200 175 0.009005
200 176 0.008699
200 177 0.008388
200 178 0.008072
200 179 0.007753
200 180 0.007428
200 181 0.007100
200 182 0.006768
200 183 0.006433
200 184 0.006094
200 185 0.005752
200 186 0.005406
200 187 0.005058
200 188 0.004708
200 189 0.004355
200 190 0.004000
200 191 0.003643
200 192 0.003283
200 193 0.002923
200 194 0.002561
200 195 0.002197
200 196 0.001833
200 197 0.001467
200 198 0.001101
200 199 0.000734
200 200 0.000367
