151 101 0.705226
151 102 0.711554
151 103 0.717860
151 104 0.724297
151 105 0.730716
151 106 0.737266
151 107 0.743799
151 108 0.750464
151 109 0.757113
151 110 0.763891
151 111 0.770653
151 112 0.777541
151 113 0.784410
151 114 0.791400
151 115 0.798367
151 116 0.805447
151 117 0.812496
151 118 0.819648
151 119 0.826758
151 120 0.833955
151 121 0.841097
151 122 0.848306
151 123 0.855439
151 124 0.862614
151 125 0.869687
151 126 0.876769
151 127 0.883717
151 128 0.890631
151 129 0.897368
151 130 0.904021
151 131 0.910444
151 132 0.916721
151 133 0.922702
151 134 0.928464
151 135 0.933853
151 136 0.938936
151 137 0.943557
151 138 0.947773
151 139 0.951427
151 140 0.954568
151 141 0.957041
151 142 0.958888
151 143 0.959956
151 144 0.960286
151 145 0.959734
151 146 0.958342
151 147 0.955978
151 148 0.952691
151 149 0.948367
151 150 0.943065
151 151 0.936690
151 152 0.929317
151 153 0.920872
151 154 0.911446
151 155 0.900985
151 156 0.889592
151 157 0.877233
151 158 0.864021
151 159 0.849934
151 160 0.835090
151 161 0.819478
151 162 0.803217
151 163 0.786298
151 164 0.768839
151 165 0.750831
151 166 0.732385
151 167 0.713493
151 168 0.694256
151 169 0.674663
151 170 0.654806
151 171 0.634672
151 172 0.614342
151 173 0.593801
151 174 0.573121
151 175 0.552283
151 176 0.531351
151 177 0.510305
151 178 0.489201
151 179 0.468017
151 180 0.446801
151 181 0.425530
151 182 0.404249
151 183 0.382933
151 184 0.361619
151 185 0.340286
151 186 0.318964
151 187 0.297632
151 188 0.276318
151 189 0.255000
151 190 0.233702
151 191 0.212406
151 192 0.191129
151 193 0.169855
151 194 0.148599
151 195 0.127347
151 196 0.106110
151 197 0.084876
151 198 0.063652
151 199 0.042431
151 200 0.021215
152 101 0.691158
152 102 0.697262
152 103 0.703488
152 104 0.709689
152 105 0.716015
152 106 0.722317
152 107 0.728742
152 108 0.735144
152 109 0.741668
152 110 0.748169
152 111 0.754787
152 112 0.761380
152 113 0.768086
152 114 0.774762
152 115 0.781543
152 116 0.788287
152 117 0.795126
152 118 0.801919
152 119 0.808793
152 120 0.815606
152 121 0.822483
152 122 0.829281
152 123 0.836119
152 124 0.842855
152 125 0.849601
152 126 0.856216
152 127 0.862804
152 128 0.869223
152 129 0.875570
152 130 0.881701
152 131 0.887705
152 132 0.893438
152 133 0.898978
152 134 0.904180
152 135 0.909115
152 136 0.913633
152 137 0.917798
152 138 0.921460
152 139 0.924674
152 140 0.927290
152 141 0.929359
152 142 0.930733
152 143 0.931459
152 144 0.931395
152 145 0.930587
152 146 0.928905
152 147 0.926399
152 148 0.922949
152 149 0.918615
152 150 0.913293
152 151 0.907054
152 152 0.899814
152 153 0.891654
152 154 0.882509
152 155 0.872472
152 156 0.861497
152 157 0.849687
152 158 0.837007
152 159 0.823569
152 160 0.809350
152 161 0.794462
152 162 0.778890
152 163 0.762744
152 164 0.746014
152 165 0.728805
152 166 0.711108
152 167 0.693022
152 168 0.674535
152 169 0.655741
152 170 0.636624
152 171 0.617270
152 172 0.597663
152 173 0.577877
152 174 0.557895
152 175 0.537785
152 176 0.517525
152 177 0.497176
152 178 0.476717
152 179 0.456200
152 180 0.435602
152 181 0.414970
152 182 0.394282
152 183 0.373577
152 184 0.352834
152 185 0.332088
152 186 0.311316
152 187 0.290550
152 188 0.269768
152 189 0.248997
152 190 0.228217
152 191 0.207450
152 192 0.186679
152 193 0.165921
152 194 0.145162
152 195 0.124414
152 196 0.103667
152 197 0.082929
152 198 0.062192
152 199 0.041460
152 200 0.020729
153 101 0.676972
153 102 0.682999
153 103 0.688996
153 104 0.695109
153 105 0.701193
153 106 0.707393
153 107 0.713565
153 108 0.719850
153 109 0.726106
153 110 0.732473
153 111 0.738809
153 112 0.745250
153 113 0.751655
153 114 0.758159
153 115 0.764621
153 116 0.771172
153 117 0.777671
153 118 0.784246
153 119 0.790758
153 120 0.797329
153 121 0.803819
153 122 0.810348
153 123 0.816776
153 124 0.823215
153 125 0.829525
153 126 0.835815
153 127 0.841942
153 128 0.848009
153 129 0.853872
153 130 0.859626
153 131 0.865127
153 132 0.870461
153 133 0.875485
153 134 0.880276
153 135 0.884688
153 136 0.888791
153 137 0.892441
153 138 0.895699
153 139 0.898420
153 140 0.900660
153 141 0.902277
153 142 0.903324
153 143 0.903661
153 144 0.903339
153 145 0.902229
153 146 0.900382
153 147 0.897679
153 148 0.894177
153 149 0.889769
153 150 0.884522
153 151 0.878343
153 152 0.871309
153 153 0.863346
153 154 0.854538
153 155 0.844828
153 156 0.834310
153 157 0.822941
153 158 0.810822
153 159 0.797922
153 160 0.784345
153 161 0.770068
153 162 0.755198
153 163 0.739716
153 164 0.723726
153 165 0.707213
153 166 0.690275
153 167 0.672898
153 168 0.655175
153 169 0.637091
153 170 0.618730
153 171 0.600077
153 172 0.581208
153 173 0.562107
153 174 0.542843
153 175 0.523396
153 176 0.503829
153 177 0.484121
153 178 0.464328
153 179 0.444429
153 180 0.424471
153 181 0.404435
153 182 0.384362
153 183 0.364232
153 184 0.344081
153 185 0.323889
153 186 0.303689
153 187 0.283460
153 188 0.263231
153 189 0.242982
153 190 0.222738
153 191 0.202482
153 192 0.182232
153 193 0.161975
153 194 0.141725
153 195 0.121471
153 196 0.101224
153 197 0.080975
153 198 0.060731
153 199 0.040485
153 200 0.020243
154 101 0.662820
154 102 0.668623
154 103 0.674536
154 104 0.680415
154 105 0.686403
154 106 0.692357
154 107 0.698419
154 108 0.704447
154 109 0.710578
154 110 0.716673
154 111 0.722867
154 112 0.729020
154 113 0.735266
154 114 0.741466
154 115 0.747749
154 116 0.753976
154 117 0.760276
154 118 0.766508
154 119 0.772797
154 120 0.779005
154 121 0.785249
154 122 0.791393
154 123 0.797549
154 124 0.803581
154 125 0.809596
154 126 0.815457
154 127 0.821265
154 128 0.826882
154 129 0.832403
154 130 0.837690
154 131 0.842831
154 132 0.847687
154 133 0.852337
154 134 0.856643
154 135 0.860678
154 136 0.864302
154 137 0.867581
154 138 0.870376
154 139 0.872748
154 140 0.874558
154 141 0.875864
154 142 0.876532
154 143 0.876615
154 144 0.875985
154 145 0.874697
154 146 0.872631
154 147 0.869845
154 148 0.866229
154 149 0.861847
154 150 0.856603
154 151 0.850568
154 152 0.843660
154 153 0.835959
154 154 0.827398
154 155 0.818064
154 156 0.807905
154 157 0.797015
154 158 0.785353
154 159 0.773017
154 160 0.759977
154 161 0.746332
154 162 0.732059
154 163 0.717257
154 164 0.701906
154 165 0.686102
154 166 0.669828
154 167 0.653175
154 168 0.636127
154 169 0.618768
154 170 0.601081
154 171 0.583146
154 172 0.564943
154 173 0.546544
154 174 0.527931
154 175 0.509168
154 176 0.490235
154 177 0.471189
154 178 0.452011
154 179 0.432751
154 180 0.413388
154 181 0.393968
154 182 0.374471
154 183 0.354936
154 184 0.335342
154 185 0.315726
154 186 0.296066
154 187 0.276394
154 188 0.256691
154 189 0.236983
154 190 0.217253
154 191 0.197523
154 192 0.177778
154 193 0.158034
154 194 0.138281
154 195 0.118532
154 196 0.098775
154 197 0.079022
154 198 0.059266
154 199 0.039511
154 200 0.019755
155 101 0.648561
155 102 0.654285
155 103 0.659970
155 104 0.665758
155 105 0.671508
155 106 0.677359
155 107 0.683171
155 108 0.689082
155 109 0.694951
155 110 0.700914
155 111 0.706832
155 112 0.712837
155 113 0.718792
155 114 0.724826
155 115 0.730801
155 116 0.736844
155 117 0.742819
155 118 0.748847
155 119 0.754792
155 120 0.760774
155 121 0.766656
155 122 0.772552
155 123 0.778327
155 124 0.784089
155 125 0.789703
155 126 0.795273
155 127 0.800662
155 128 0.805969
155 129 0.811057
155 130 0.816016
155 131 0.820712
155 132 0.825229
155 133 0.829429
155 134 0.833391
155 135 0.836978
155 136 0.840262
155 137 0.843106
155 138 0.845577
155 139 0.847541
155 140 0.849058
155 141 0.849998
155 142 0.850419
155 143 0.850193
155 144 0.849380
155 145 0.847858
155 146 0.845688
155 147 0.842758
155 148 0.839131
155 149 0.834708
155 150 0.829556
155 151 0.823589
155 152 0.816881
155 153 0.809359
155 154 0.801104
155 155 0.792056
155 156 0.782303
155 157 0.771795
155 158 0.760625
155 159 0.748754
155 160 0.736278
155 161 0.723165
155 162 0.709511
155 163 0.695290
155 164 0.680596
155 165 0.665408
155 166 0.649815
155 167 0.633797
155 168 0.617440
155 169 0.600724
155 170 0.583730
155 171 0.566437
155 172 0.548918
155 173 0.531154
155 174 0.513213
155 175 0.495072
155 176 0.476793
155 177 0.458354
155 178 0.439811
155 179 0.421142
155 180 0.402395
155 181 0.383549
155 182 0.364648
155 183 0.345671
155 184 0.326654
155 185 0.307580
155 186 0.288481
155 187 0.269338
155 188 0.250179
155 189 0.230987
155 190 0.211787
155 191 0.192564
155 192 0.173336
155 193 0.154092
155 194 0.134846
155 195 0.115589
155 196 0.096332
155 197 0.077067
155 198 0.057804
155 199 0.038536
155 200 0.019269
156 101 0.634344
156 102 0.639846
156 103 0.645445
156 104 0.651002
156 105 0.656654
156 106 0.662264
156 107 0.667966
156 108 0.673624
156 109 0.679370
156 110 0.685067
156 111 0.690847
156 112 0.696574
156 113 0.702375
156 114 0.708115
156 115 0.713920
156 116 0.719654
156 117 0.725440
156 118 0.731142
156 119 0.736881
156 120 0.742520
156 121 0.748176
156 122 0.753713
156 123 0.759241
156 124 0.764628
156 125 0.769977
156 126 0.775155
156 127 0.780262
156 128 0.785163
156 129 0.789953
156 130 0.794498
156 131 0.798885
156 132 0.802981
156 133 0.806867
156 134 0.810410
156 135 0.813686
156 136 0.816561
156 137 0.819107
156 138 0.821191
156 139 0.822879
156 140 0.824044
156 141 0.824746
156 142 0.824862
156 143 0.824451
156 144 0.823396
156 145 0.821756
156 146 0.819421
156 147 0.816453
156 148 0.812750
156 149 0.808379
156 150 0.803248
156 151 0.797429
156 152 0.790843
156 153 0.783567
156 154 0.775534
156 155 0.766826
156 156 0.757387
156 157 0.747305
156 158 0.736533
156 159 0.725162
156 160 0.713154
156 161 0.700600
156 162 0.687470
156 163 0.673854
156 164 0.659726
156 165 0.645174
156 166 0.630174
156 167 0.614811
156 168 0.599063
156 169 0.583010
156 170 0.566631
156 171 0.550000
156 172 0.533095
156 173 0.515987
156 174 0.498652
156 175 0.481154
156 176 0.463472
156 177 0.445662
156 178 0.427703
156 179 0.409645
156 180 0.391468
156 181 0.373217
156 182 0.354872
156 183 0.336472
156 184 0.317999
156 185 0.299486
156 186 0.280916
156 187 0.262319
156 188 0.243678
156 189 0.225019
156 190 0.206328
156 191 0.187625
156 192 0.168897
156 193 0.150163
156 194 0.131411
156 195 0.112655
156 196 0.093888
156 197 0.075118
156 198 0.056341
156 199 0.037563
156 200 0.018782
157 101 0.620033
157 102 0.625452
157 103 0.630826
157 104 0.636291
157 105 0.641709
157 106 0.647215
157 107 0.652673
157 108 0.658215
157 109 0.663705
157 110 0.669274
157 111 0.674786
157 112 0.680370
157 113 0.685890
157 114 0.691472
157 115 0.696983
157 116 0.702543
157 117 0.708020
157 118 0.713532
157 119 0.718946
157 120 0.724377
157 121 0.729694
157 122 0.735005
157 123 0.740180
157 124 0.745324
157 125 0.750306
157 126 0.755227
157 127 0.759954
157 128 0.764584
157 129 0.768986
157 130 0.773249
157 131 0.777243
157 132 0.781052
157 133 0.784546
157 134 0.787803
157 135 0.790695
157 136 0.793293
157 137 0.795472
157 138 0.797299
157 139 0.798649
157 140 0.799587
157 141 0.799991
157 142 0.799924
157 143 0.799268
157 144 0.798086
157 145 0.796267
157 146 0.793873
157 147 0.790802
157 148 0.787120
157 149 0.782731
157 150 0.777707
157 151 0.771962
157 152 0.765571
157 153 0.758462
157 154 0.750711
157 155 0.742258
157 156 0.733185
157 157 0.723440
157 158 0.713107
157 159 0.702145
157 160 0.690639
157 161 0.678554
157 162 0.665976
157 163 0.652875
157 164 0.639337
157 165 0.625334
157 166 0.610950
157 167 0.596159
157 168 0.581042
157 169 0.565575
157 170 0.549832
157 171 0.533791
157 172 0.517522
157 173 0.501003
157 174 0.484297
157 175 0.467383
157 176 0.450318
157 177 0.433083
157 178 0.415729
157 179 0.398235
157 180 0.380649
157 181 0.362950
157 182 0.345181
157 183 0.327321
157 184 0.309408
157 185 0.291425
157 186 0.273402
157 187 0.255323
157 188 0.237216
157 189 0.219066
157 190 0.200897
157 191 0.182695
157 192 0.164479
157 193 0.146239
157 194 0.127991
157 195 0.109725
157 196 0.091453
157 197 0.073170
157 198 0.054884
157 199 0.036591
157 200 0.018297
158 101 0.605770
158 102 0.610970
158 103 0.616257
158 104 0.621494
158 105 0.626814
158 106 0.632084
158 107 0.637433
158 108 0.642728
158 109 0.648098
158 110 0.653409
158 111 0.658788
158 112 0.664102
158 113 0.669476
158 114 0.674777
158 115 0.680126
158 116 0.685392
158 117 0.690692
158 118 0.695897
158 119 0.701120
158 120 0.706231
158 121 0.711340
158 122 0.716318
158 123 0.721271
158 124 0.726070
158 125 0.730815
158 126 0.735380
158 127 0.739859
158 128 0.744125
158 129 0.748269
158 130 0.752164
158 131 0.755895
158 132 0.759336
158 133 0.762567
158 134 0.765462
158 135 0.768098
158 136 0.770349
158 137 0.772288
158 138 0.773791
158 139 0.774926
158 140 0.775574
158 141 0.775799
158 142 0.775487
158 143 0.774700
158 144 0.773329
158 145 0.771437
158 146 0.768922
158 147 0.765847
158 148 0.762117
158 149 0.757801
158 150 0.752811
158 151 0.747218
158 152 0.740946
158 153 0.734070
158 154 0.726522
158 155 0.718381
158 156 0.709589
158 157 0.700228
158 158 0.690249
158 159 0.679735
158 160 0.668644
158 161 0.657060
158 162 0.644948
158 163 0.632392
158 164 0.619359
158 165 0.605931
158 166 0.592081
158 167 0.577887
158 168 0.563323
158 169 0.548464
158 170 0.533285
158 171 0.517857
158 172 0.502157
158 173 0.486248
158 174 0.470110
158 175 0.453801
158 176 0.437299
158 177 0.420660
158 178 0.403861
158 179 0.386951
158 180 0.369911
158 181 0.352784
158 182 0.335551
158 183 0.318251
158 184 0.300864
158 185 0.283427
158 186 0.265921
158 187 0.248377
158 188 0.230778
158 189 0.213152
158 190 0.195483
158 191 0.177794
158 192 0.160073
158 193 0.142337
158 194 0.124578
158 195 0.106809
158 196 0.089023
158 197 0.071231
158 198 0.053429
158 199 0.035623
158 200 0.017812
159 101 0.591423
159 102 0.596540
159 103 0.601605
159 104 0.606749
159 105 0.611840
159 106 0.617007
159 107 0.622118
159 108 0.627300
159 109 0.632422
159 110 0.637608
159 111 0.642729
159 112 0.647906
159 113 0.653010
159 114 0.658161
159 115 0.663230
159 116 0.668332
159 117 0.673341
159 118 0.678368
159 119 0.683287
159 120 0.688207
159 121 0.693001
159 122 0.697775
159 123 0.702402
159 124 0.706985
159 125 0.711395
159 126 0.715732
159 127 0.719869
159 128 0.723899
159 129 0.727697
159 130 0.731351
159 131 0.734735
159 132 0.737934
159 133 0.740824
159 134 0.743484
159 135 0.745790
159 136 0.747818
159 137 0.749446
159 138 0.750746
159 139 0.751600
159 140 0.752076
159 141 0.752058
159 142 0.751614
159 143 0.750632
159 144 0.749179
159 145 0.747151
159 146 0.744613
159 147 0.741467
159 148 0.737782
159 149 0.733468
159 150 0.728594
159 151 0.723081
159 152 0.717000
159 153 0.710281
159 154 0.702997
159 155 0.695088
159 156 0.686631
159 157 0.677572
159 158 0.667991
159 159 0.657841
159 160 0.647203
159 161 0.636037
159 162 0.624424
159 163 0.612329
159 164 0.599831
159 165 0.586898
159 166 0.573609
159 167 0.559935
159 168 0.545949
159 169 0.531626
159 170 0.517035
159 171 0.502153
159 172 0.487043
159 173 0.471684
159 174 0.456135
159 175 0.440374
159 176 0.424456
159 177 0.408361
159 178 0.392137
159 179 0.375766
159 180 0.359292
159 181 0.342696
159 182 0.326018
159 183 0.309240
159 184 0.292398
159 185 0.275474
159 186 0.258502
159 187 0.241464
159 188 0.224388
159 189 0.207261
159 190 0.190106
159 191 0.172910
159 192 0.155694
159 193 0.138447
159 194 0.121185
159 195 0.103901
159 196 0.086607
159 197 0.069298
159 198 0.051982
159 199 0.034658
159 200 0.017330
160 101 0.577130
160 102 0.582032
160 103 0.587009
160 104 0.591930
160 105 0.596924
160 106 0.601860
160 107 0.606864
160 108 0.611807
160 109 0.616811
160 110 0.621749
160 111 0.626742
160 112 0.631661
160 113 0.636625
160 114 0.641508
160 115 0.646425
160 116 0.651248
160 117 0.656093
160 118 0.660832
160 119 0.665574
160 120 0.670196
160 121 0.674802
160 122 0.679267
160 123 0.683695
160 124 0.687961
160 125 0.692163
160 126 0.696177
160 127 0.700097
160 128 0.703801
160 129 0.707377
160 130 0.710704
160 131 0.713866
160 132 0.716743
160 133 0.719415
160 134 0.721761
160 135 0.723860
160 136 0.725591
160 137 0.727029
160 138 0.728058
160 139 0.728746
160 140 0.728983
160 141 0.728834
160 142 0.728192
160 143 0.727123
160 144 0.725523
160 145 0.723459
160 146 0.720832
160 147 0.717709
160 148 0.714000
160 149 0.709773
160 150 0.704945
160 151 0.699586
160 152 0.693623
160 153 0.687126
160 154 0.680031
160 155 0.672412
160 156 0.664210
160 157 0.655503
160 158 0.646240
160 159 0.636497
160 160 0.626232
160 161 0.615521
160 162 0.604327
160 163 0.592726
160 164 0.580684
160 165 0.568276
160 166 0.555472
160 167 0.542345
160 168 0.528865
160 169 0.515103
160 170 0.501033
160 171 0.486719
160 172 0.472138
160 173 0.457350
160 174 0.442333
160 175 0.427142
160 176 0.411755
160 177 0.396225
160 178 0.380530
160 179 0.364716
160 180 0.348765
160 181 0.332719
160 182 0.316557
160 183 0.300320
160 184 0.283988
160 185 0.267595
160 186 0.251126
160 187 0.234610
160 188 0.218032
160 189 0.201417
160 190 0.184753
160 191 0.168062
160 192 0.151333
160 193 0.134583
160 194 0.117805
160 195 0.101012
160 196 0.084199
160 197 0.067376
160 198 0.050540
160 199 0.033698
160 200 0.016850
161 101 0.562764
161 102 0.567581
161 103 0.572341
161 104 0.577170
161 105 0.581940
161 106 0.586775
161 107 0.591548
161 108 0.596380
161 109 0.601145
161 110 0.605962
161 111 0.610707
161 112 0.615495
161 113 0.620203
161 114 0.624944
161 115 0.629594
161 116 0.634266
161 117 0.638835
161 118 0.643411
161 119 0.647869
161 120 0.652317
161 121 0.656631
161 122 0.660913
161 123 0.665041
161 124 0.669114
161 125 0.673011
161 126 0.676826
161 127 0.680438
161 128 0.683937
161 129 0.687205
161 130 0.690327
161 131 0.693184
161 132 0.695859
161 133 0.698234
161 134 0.700387
161 135 0.702202
161 136 0.703755
161 137 0.704931
161 138 0.705802
161 139 0.706257
161 140 0.706365
161 141 0.706019
161 142 0.705286
161 143 0.704063
161 144 0.702416
161 145 0.700249
161 146 0.697627
161 147 0.694460
161 148 0.690814
161 149 0.686605
161 150 0.681901
161 151 0.676626
161 152 0.670850
161 153 0.664503
161 154 0.657658
161 155 0.650253
161 156 0.642361
161 157 0.633929
161 158 0.625030
161 159 0.615618
161 160 0.605766
161 161 0.595433
161 162 0.584694
161 163 0.573511
161 164 0.561957
161 165 0.550000
161 166 0.537711
161 167 0.525059
161 168 0.512112
161 169 0.498844
161 170 0.485319
161 171 0.471511
161 172 0.457482
161 173 0.443208
161 174 0.428744
161 175 0.414069
161 176 0.399235
161 177 0.384221
161 178 0.369074
161 179 0.353774
161 180 0.338365
161 181 0.322828
161 182 0.307201
161 183 0.291468
161 184 0.275663
161 185 0.259770
161 186 0.243820
161 187 0.227798
161 188 0.211730
161 189 0.195605
161 190 0.179445
161 191 0.163238
161 192 0.147006
161 193 0.130737
161 194 0.114450
161 195 0.098135
161 196 0.081808
161 197 0.065462
161 198 0.049107
161 199 0.032742
161 200 0.016373
162 101 0.548456
162 102 0.553062
162 103 0.557734
162 104 0.562346
162 105 0.567020
162 106 0.571631
162 107 0.576299
162 108 0.580900
162 109 0.585551
162 110 0.590130
162 111 0.594752
162 112 0.599293
162 113 0.603869
162 114 0.608355
162 115 0.612863
162 116 0.617272
162 117 0.621690
162 118 0.625995
162 119 0.630292
162 120 0.634462
162 121 0.638605
162 122 0.642603
162 123 0.646554
162 124 0.650338
162 125 0.654051
162 126 0.657573
162 127 0.660997
162 128 0.664205
162 129 0.667283
162 130 0.670115
162 131 0.672786
162 132 0.675178
162 133 0.677373
162 134 0.679256
162 135 0.680904
162 136 0.682205
162 137 0.683231
162 138 0.683874
162 139 0.684205
162 140 0.684116
162 141 0.683678
162 142 0.682787
162 143 0.681510
162 144 0.679751
162 145 0.677576
162 146 0.674893
162 147 0.671768
162 148 0.668117
162 149 0.664007
162 150 0.659358
162 151 0.654240
162 152 0.648580
162 153 0.642448
162 154 0.635780
162 155 0.628647
162 156 0.620991
162 157 0.612884
162 158 0.604276
162 159 0.595237
162 160 0.585724
162 161 0.575809
162 162 0.565450
162 163 0.554721
162 164 0.543583
162 165 0.532108
162 166 0.520263
162 167 0.508116
162 168 0.495636
162 169 0.482888
162 170 0.469845
162 171 0.456568
162 172 0.443032
162 173 0.429294
162 174 0.415330
162 175 0.401193
162 176 0.386861
162 177 0.372383
162 178 0.357739
162 179 0.342972
162 180 0.328064
162 181 0.313055
162 182 0.297926
162 183 0.282715
162 184 0.267404
162 185 0.252026
162 186 0.236565
162 187 0.221051
162 188 0.205469
162 189 0.189845
162 190 0.174167
162 191 0.158455
162 192 0.142701
162 193 0.126922
162 194 0.111111
162 195 0.095281
162 196 0.079428
162 197 0.063562
162 198 0.047681
162 199 0.031793
162 200 0.015898
163 101 0.534084
163 102 0.538605
163 103 0.543066
163 104 0.547586
163 105 0.552043
163 106 0.556554
163 107 0.560998
163 108 0.565492
163 109 0.569913
163 110 0.574376
163 111 0.578760
163 112 0.583178
163 113 0.587509
163 114 0.591862
163 115 0.596119
163 116 0.600387
163 117 0.604546
163 118 0.608701
163 119 0.612733
163 120 0.616746
163 121 0.620619
163 122 0.624452
163 123 0.628128
163 124 0.631742
163 125 0.635178
163 126 0.638526
163 127 0.641673
163 128 0.644705
163 129 0.647508
163 130 0.650168
163 131 0.652569
163 132 0.654794
163 133 0.656731
163 134 0.658457
163 135 0.659862
163 136 0.661021
163 137 0.661827
163 138 0.662350
163 139 0.662486
163 140 0.662306
163 141 0.661707
163 142 0.660757
163 143 0.659361
163 144 0.657583
163 145 0.655333
163 146 0.652678
163 147 0.649530
163 148 0.645956
163 149 0.641876
163 150 0.637358
163 151 0.632326
163 152 0.626851
163 153 0.620864
163 154 0.614434
163 155 0.607502
163 156 0.600136
163 157 0.592282
163 158 0.584012
163 159 0.575275
163 160 0.566144
163 161 0.556573
163 162 0.546634
163 163 0.536286
163 164 0.525599
163 165 0.514538
163 166 0.503168
163 167 0.491459
163 168 0.479474
163 169 0.467183
163 170 0.454649
163 171 0.441844
163 172 0.428825
163 173 0.415568
163 174 0.402126
163 175 0.388476
163 176 0.374668
163 177 0.360680
163 178 0.346559
163 179 0.332282
163 180 0.317894
163 181 0.303374
163 182 0.288761
163 183 0.274036
163 184 0.259235
163 185 0.244342
163 186 0.229385
163 187 0.214352
163 188 0.199269
163 189 0.184123
163 190 0.168937
163 191 0.153702
163 192 0.138435
163 193 0.123129
163 194 0.107800
163 195 0.092442
163 196 0.077067
163 197 0.061672
163 198 0.046267
163 199 0.030849
163 200 0.015427
164 101 0.519774
164 102 0.524090
164 103 0.528462
164 104 0.532771
164 105 0.537133
164 106 0.541428
164 107 0.545770
164 108 0.550041
164 109 0.554353
164 110 0.558587
164 111 0.562855
164 112 0.567037
164 113 0.571243
164 114 0.575355
164 115 0.579480
164 116 0.583500
164 117 0.587519
164 118 0.591421
164 119 0.595308
164 120 0.599062
164 121 0.602782
164 122 0.606354
164 123 0.609872
164 124 0.613223
164 125 0.616497
164 126 0.619582
164 127 0.622566
164 128 0.625337
164 129 0.627979
164 130 0.630382
164 131 0.632628
164 132 0.634606
164 133 0.636396
164 134 0.637889
164 135 0.639160
164 136 0.640105
164 137 0.640795
164 138 0.641127
164 139 0.641173
164 140 0.640831
164 141 0.640171
164 142 0.639096
164 143 0.637673
164 144 0.635811
164 145 0.633576
164 146 0.630881
164 147 0.627793
164 148 0.624229
164 149 0.620257
164 150 0.615801
164 151 0.610928
164 152 0.605568
164 153 0.599789
164 154 0.593528
164 155 0.586853
164 156 0.579707
164 157 0.572159
164 158 0.564156
164 159 0.555767
164 160 0.546947
164 161 0.537762
164 162 0.528173
164 163 0.518244
164 164 0.507940
164 165 0.497326
164 166 0.486366
164 167 0.475126
164 168 0.463573
164 169 0.451768
164 170 0.439683
164 171 0.427375
164 172 0.414818
164 173 0.402066
164 174 0.389094
164 175 0.375954
164 176 0.362622
164 177 0.349145
164 178 0.335502
164 179 0.321736
164 180 0.307827
164 181 0.293815
164 182 0.279680
164 183 0.265460
164 184 0.251137
164 185 0.236742
164 186 0.222262
164 187 0.207724
164 188 0.193114
164 189 0.178458
164 190 0.163744
164 191 0.148993
164 192 0.134196
164 193 0.119370
164 194 0.104509
164 195 0.089628
164 196 0.074720
164 197 0.059798
164 198 0.044860
164 199 0.029913
164 200 0.014958
165 101 0.505408
165 102 0.509639
165 103 0.513806
165 104 0.518024
165 105 0.522176
165 106 0.526374
165 107 0.530500
165 108 0.534667
165 109 0.538758
165 110 0.542882
165 111 0.546922
165 112 0.550988
165 113 0.554962
165 114 0.558950
165 115 0.562837
165 116 0.566726
165 117 0.570503
165 118 0.574269
165 119 0.577908
165 120 0.581520
165 121 0.584991
165 122 0.588416
165 123 0.591683
165 124 0.594884
165 125 0.597907
165 126 0.600840
165 127 0.603575
165 128 0.606196
165 129 0.608594
165 130 0.610852
165 131 0.612861
165 132 0.614702
165 133 0.616267
165 134 0.617634
165 135 0.618697
165 136 0.619532
165 137 0.620035
165 138 0.620279
165 139 0.620164
165 140 0.619759
165 141 0.618970
165 142 0.617863
165 143 0.616348
165 144 0.614491
165 145 0.612204
165 146 0.609554
165 147 0.606459
165 148 0.602984
165 149 0.599053
165 150 0.594732
165 151 0.589950
165 152 0.584772
165 153 0.579134
165 154 0.573101
165 155 0.566616
165 156 0.559744
165 157 0.552431
165 158 0.544745
165 159 0.536636
165 160 0.528170
165 161 0.519304
165 162 0.510104
165 163 0.500529
165 164 0.490643
165 165 0.480411
165 166 0.469894
165 167 0.459060
165 168 0.447969
165 169 0.436590
165 170 0.424982
165 171 0.413115
165 172 0.401045
165 173 0.388746
165 174 0.376269
165 175 0.363589
165 176 0.350755
165 177 0.337744
165 178 0.324600
165 179 0.311303
165 180 0.297893
165 181 0.284350
165 182 0.270713
165 183 0.256963
165 184 0.243133
165 185 0.229208
165 186 0.215218
165 187 0.201147
165 188 0.187024
165 189 0.172834
165 190 0.158602
165 191 0.144316
165 192 0.129997
165 193 0.115636
165 194 0.101249
165 195 0.086831
165 196 0.072395
165 197 0.057936
165 198 0.043466
165 199 0.028983
165 200 0.014493
166 101 0.491107
166 102 0.495138
166 103 0.499218
166 104 0.503231
166 105 0.507290
166 106 0.511278
166 107 0.515306
166 108 0.519259
166 109 0.523245
166 110 0.527150
166 111 0.531080
166 112 0.534921
166 113 0.538778
166 114 0.542538
166 115 0.546303
166 116 0.549960
166 117 0.553609
166 118 0.557138
166 119 0.560645
166 120 0.564018
166 121 0.567352
166 122 0.570537
166 123 0.573664
166 124 0.576624
166 125 0.579507
166 126 0.582203
166 127 0.584797
166 128 0.587185
166 129 0.589447
166 130 0.591478
166 131 0.593358
166 132 0.594983
166 133 0.596429
166 134 0.597595
166 135 0.598553
166 136 0.599206
166 137 0.599622
166 138 0.599707
166 139 0.599529
166 140 0.598993
166 141 0.598168
166 142 0.596963
166 143 0.595444
166 144 0.593526
166 145 0.591272
166 146 0.588601
166 147 0.585578
166 148 0.582127
166 149 0.578311
166 150 0.574058
166 151 0.569434
166 152 0.564372
166 153 0.558937
166 154 0.553067
166 155 0.546827
166 156 0.540163
166 157 0.533137
166 158 0.525701
166 159 0.517917
166 160 0.509741
166 161 0.501235
166 162 0.492359
166 163 0.483175
166 164 0.473644
166 165 0.463828
166 166 0.453693
166 167 0.443297
166 168 0.432610
166 169 0.421686
166 170 0.410498
166 171 0.399100
166 172 0.387465
166 173 0.375643
166 174 0.363610
166 175 0.351414
166 176 0.339032
166 177 0.326508
166 178 0.313822
166 179 0.301013
166 180 0.288063
166 181 0.275009
166 182 0.261833
166 183 0.248570
166 184 0.235202
166 185 0.221762
166 186 0.208233
166 187 0.194644
166 188 0.180982
166 189 0.167270
166 190 0.153499
166 191 0.139687
166 192 0.125828
166 193 0.111938
166 194 0.098011
166 195 0.084061
166 196 0.070084
166 197 0.056091
166 198 0.042081
166 199 0.028061
166 200 0.014032
167 101 0.476758
167 102 0.480704
167 103 0.484584
167 104 0.488509
167 105 0.492364
167 106 0.496258
167 107 0.500078
167 108 0.503931
167 109 0.507705
167 110 0.511505
167 111 0.515219
167 112 0.518950
167 113 0.522587
167 114 0.526231
167 115 0.529772
167 116 0.533309
167 117 0.536731
167 118 0.540136
167 119 0.543414
167 120 0.546658
167 121 0.549763
167 122 0.552817
167 123 0.555715
167 124 0.558543
167 125 0.561198
167 126 0.563763
167 127 0.566135
167 128 0.568395
167 129 0.570440
167 130 0.572349
167 131 0.574022
167 132 0.575534
167 133 0.576786
167 134 0.577851
167 135 0.578633
167 136 0.579201
167 137 0.579461
167 138 0.579482
167 139 0.579172
167 140 0.578598
167 141 0.577670
167 142 0.576455
167 143 0.574867
167 144 0.572971
167 145 0.570685
167 146 0.568073
167 147 0.565058
167 148 0.561704
167 149 0.557938
167 150 0.553824
167 151 0.549294
167 152 0.544411
167 153 0.539113
167 154 0.533464
167 155 0.527406
167 156 0.521001
167 157 0.514199
167 158 0.507060
167 159 0.499538
167 160 0.491695
167 161 0.483487
167 162 0.474974
167 163 0.466119
167 164 0.456979
167 165 0.447520
167 166 0.437799
167 167 0.427784
167 168 0.417529
167 169 0.407006
167 170 0.396267
167 171 0.385284
167 172 0.374109
167 173 0.362715
167 174 0.351151
167 175 0.339392
167 176 0.327484
167 177 0.315405
167 178 0.303196
167 179 0.290836
167 180 0.278365
167 181 0.265764
167 182 0.253066
167 183 0.240257
167 184 0.227368
167 185 0.214382
167 186 0.201329
167 187 0.188196
167 188 0.175007
167 189 0.161751
167 190 0.148450
167 191 0.135094
167 192 0.121702
167 193 0.108268
167 194 0.094806
167 195 0.081311
167 196 0.067797
167 197 0.054259
167 198 0.040709
167 199 0.027145
167 200 0.013575
168 101 0.462475
168 102 0.466227
168 103 0.470021
168 104 0.473747
168 105 0.477511
168 106 0.481204
168 107 0.484929
168 108 0.488577
168 109 0.492250
168 110 0.495841
168 111 0.499450
168 112 0.502969
168 113 0.506496
168 114 0.509925
168 115 0.513352
168 116 0.516671
168 117 0.519976
168 118 0.523161
168 119 0.526318
168 120 0.529343
168 121 0.532324
168 122 0.535158
168 123 0.537933
168 124 0.540543
168 125 0.543075
168 126 0.545426
168 127 0.547678
168 128 0.549730
168 129 0.551660
168 130 0.553370
168 131 0.554937
168 132 0.556261
168 133 0.557417
168 134 0.558310
168 135 0.559010
168 136 0.559424
168 137 0.559621
168 138 0.559510
168 139 0.559159
168 140 0.558480
168 141 0.557537
168 142 0.556247
168 143 0.554673
168 144 0.552735
168 145 0.550496
168 146 0.547880
168 147 0.544947
168 148 0.541627
168 149 0.537981
168 150 0.533942
168 151 0.529570
168 152 0.524804
168 153 0.519704
168 154 0.514212
168 155 0.508390
168 156 0.502183
168 157 0.495653
168 158 0.488750
168 159 0.481535
168 160 0.473963
168 161 0.466093
168 162 0.457885
168 163 0.449396
168 164 0.440589
168 165 0.431521
168 166 0.422157
168 167 0.412553
168 168 0.402677
168 169 0.392583
168 170 0.382240
168 171 0.371699
168 172 0.360935
168 173 0.349994
168 174 0.338852
168 175 0.327554
168 176 0.316077
168 177 0.304463
168 178 0.292691
168 179 0.280800
168 180 0.268771
168 181 0.256640
168 182 0.244388
168 183 0.232049
168 184 0.219607
168 185 0.207091
168 186 0.194487
168 187 0.181822
168 188 0.169082
168 189 0.156292
168 190 0.143441
168 191 0.130549
168 192 0.117608
168 193 0.104635
168 194 0.091624
168 195 0.078589
168 196 0.065525
168 197 0.052445
168 198 0.039347
168 199 0.026238
168 200 0.013121
169 101 0.448150
169 102 0.451818
169 103 0.455419
169 104 0.459058
169 105 0.462626
169 106 0.466226
169 107 0.469752
169 108 0.473304
169 109 0.476775
169 110 0.480266
169 111 0.483670
169 112 0.487084
169 113 0.490404
169 114 0.493725
169 115 0.496942
169 116 0.500150
169 117 0.503243
169 118 0.506314
169 119 0.509260
169 120 0.512169
169 121 0.514939
169 122 0.517657
169 123 0.520222
169 124 0.522717
169 125 0.525044
169 126 0.527282
169 127 0.529333
169 128 0.531277
169 129 0.533015
169 130 0.534624
169 131 0.536009
169 132 0.537242
169 133 0.538230
169 134 0.539044
169 135 0.539593
169 136 0.539945
169 137 0.540011
169 138 0.539859
169 139 0.539400
169 140 0.538702
169 141 0.537679
169 142 0.536397
169 143 0.534774
169 144 0.532873
169 145 0.530618
169 146 0.528071
169 147 0.525159
169 148 0.521943
169 149 0.518355
169 150 0.514456
169 151 0.510182
169 152 0.505592
169 153 0.500628
169 154 0.495350
169 155 0.489702
169 156 0.483745
169 157 0.477426
169 158 0.470807
169 159 0.463839
169 160 0.456581
169 161 0.448990
169 162 0.441125
169 163 0.432945
169 164 0.424506
169 165 0.415773
169 166 0.406799
169 167 0.397553
169 168 0.388086
169 169 0.378369
169 170 0.368450
169 171 0.358303
169 172 0.347974
169 173 0.337440
169 174 0.326744
169 175 0.315862
169 176 0.304838
169 177 0.293649
169 178 0.282335
169 179 0.270875
169 180 0.259307
169 181 0.247611
169 182 0.235822
169 183 0.223922
169 184 0.211943
169 185 0.199868
169 186 0.187726
169 187 0.175504
169 188 0.163225
169 189 0.150880
169 190 0.138488
169 191 0.126042
169 192 0.113558
169 193 0.101031
169 194 0.088475
169 195 0.075887
169 196 0.063277
169 197 0.050644
169 198 0.037998
169 199 0.025338
169 200 0.012671
170 101 0.433892
170 102 0.437372
170 103 0.440888
170 104 0.444336
170 105 0.447815
170 106 0.451222
170 107 0.454655
170 108 0.458011
170 109 0.461386
170 110 0.464678
170 111 0.467982
170 112 0.471196
170 113 0.474413
170 114 0.477531
170 115 0.480643
170 116 0.483647
170 117 0.486632
170 118 0.489500
170 119 0.492336
170 120 0.495041
170 121 0.497702
170 122 0.500219
170 123 0.502674
170 124 0.504972
170 125 0.507192
170 126 0.509237
170 127 0.511186
170 128 0.512944
170 129 0.514587
170 130 0.516020
170 131 0.517318
170 132 0.518387
170 133 0.519300
170 134 0.519966
170 135 0.520454
170 136 0.520676
170 137 0.520700
170 138 0.520438
170 139 0.519958
170 140 0.519176
170 141 0.518155
170 142 0.516817
170 143 0.515223
170 144 0.513297
170 145 0.511101
170 146 0.508562
170 147 0.505741
170 148 0.502569
170 149 0.499105
170 150 0.495286
170 151 0.491170
170 152 0.486697
170 153 0.481926
170 154 0.476802
170 155 0.471382
170 156 0.465614
170 157 0.459556
170 158 0.453160
170 159 0.446484
170 160 0.439483
170 161 0.432212
170 162 0.424633
170 163 0.416799
170 164 0.408674
170 165 0.400310
170 166 0.391673
170 167 0.382816
170 168 0.373707
170 169 0.364395
170 170 0.354852
170 171 0.345124
170 172 0.335186
170 173 0.325082
170 174 0.314788
170 175 0.304346
170 176 0.293734
170 177 0.282991
170 178 0.272096
170 179 0.261087
170 180 0.249944
170 181 0.238702
170 182 0.227343
170 183 0.215898
170 184 0.204352
170 185 0.192733
170 186 0.181027
170 187 0.169260
170 188 0.157420
170 189 0.145529
170 190 0.133577
170 191 0.121583
170 192 0.109541
170 193 0.097465
170 194 0.085352
170 195 0.073213
170 196 0.061046
170 197 0.048862
170 198 0.036660
170 199 0.024447
170 200 0.012225
171 101 0.419599
171 102 0.422995
171 103 0.426325
171 104 0.429686
171 105 0.432978
171 106 0.436295
171 107 0.439537
171 108 0.442800
171 109 0.445983
171 110 0.449179
171 111 0.452289
171 112 0.455404
171 113 0.458425
171 114 0.461443
171 115 0.464358
171 116 0.467259
171 117 0.470048
171 118 0.472811
171 119 0.475451
171 120 0.478053
171 121 0.480519
171 122 0.482933
171 123 0.485198
171 124 0.487395
171 125 0.489428
171 126 0.491377
171 127 0.493147
171 128 0.494814
171 129 0.496286
171 130 0.497636
171 131 0.498775
171 132 0.499772
171 133 0.500539
171 134 0.501146
171 135 0.501506
171 136 0.501684
171 137 0.501599
171 138 0.501313
171 139 0.500746
171 140 0.499962
171 141 0.498880
171 142 0.497564
171 143 0.495937
171 144 0.494061
171 145 0.491863
171 146 0.489403
171 147 0.486612
171 148 0.483549
171 149 0.480150
171 150 0.476473
171 151 0.472457
171 152 0.468159
171 153 0.463523
171 154 0.458606
171 155 0.453355
171 156 0.447827
171 157 0.441972
171 158 0.435847
171 159 0.429405
171 160 0.422703
171 161 0.415697
171 162 0.408443
171 163 0.400901
171 164 0.393124
171 165 0.385077
171 166 0.376810
171 167 0.368292
171 168 0.359570
171 169 0.350616
171 170 0.341475
171 171 0.332121
171 172 0.322599
171 173 0.312882
171 174 0.303013
171 175 0.292970
171 176 0.282791
171 177 0.272456
171 178 0.262001
171 179 0.251407
171 180 0.240707
171 181 0.229886
171 182 0.218973
171 183 0.207954
171 184 0.196856
171 185 0.185665
171 186 0.174409
171 187 0.163073
171 188 0.151682
171 189 0.140224
171 190 0.128720
171 191 0.117162
171 192 0.105567
171 193 0.093928
171 194 0.082261
171 195 0.070561
171 196 0.058839
171 197 0.047094
171 198 0.035336
171 199 0.023563
171 200 0.011784
172 101 0.405372
172 102 0.408587
172 103 0.411833
172 104 0.415011
172 105 0.418214
172 106 0.421346
172 107 0.424499
172 108 0.427575
172 109 0.430665
172 110 0.433673
172 111 0.436688
172 112 0.439613
172 113 0.442538
172 114 0.445365
172 115 0.448182
172 116 0.450893
172 117 0.453583
172 118 0.456157
172 119 0.458698
172 120 0.461112
172 121 0.463480
172 122 0.465710
172 123 0.467879
172 124 0.469896
172 125 0.471837
172 126 0.473612
172 127 0.475296
172 128 0.476797
172 129 0.478190
172 130 0.479386
172 131 0.480454
172 132 0.481309
172 133 0.482019
172 134 0.482498
172 135 0.482814
172 136 0.482884
172 137 0.482772
172 138 0.482398
172 139 0.481825
172 140 0.480976
172 141 0.479910
172 142 0.478555
172 143 0.476969
172 144 0.475082
172 145 0.472952
172 146 0.470512
172 147 0.467818
172 148 0.464807
172 149 0.461535
172 150 0.457942
172 151 0.454084
172 152 0.449904
172 153 0.445457
172 154 0.440691
172 155 0.435661
172 156 0.430316
172 157 0.424711
172 158 0.418801
172 159 0.412637
172 160 0.406179
172 161 0.399479
172 162 0.392496
172 163 0.385283
172 164 0.377804
172 165 0.370107
172 166 0.362160
172 167 0.354011
172 168 0.345629
172 169 0.337060
172 170 0.328277
172 171 0.319323
172 172 0.310172
172 173 0.300867
172 174 0.291383
172 175 0.281760
172 176 0.271977
172 177 0.262069
172 178 0.252018
172 179 0.241857
172 180 0.231569
172 181 0.221185
172 182 0.210688
172 183 0.200109
172 184 0.189432
172 185 0.178684
172 186 0.167851
172 187 0.156958
172 188 0.145994
172 189 0.134980
172 190 0.123906
172 191 0.112790
172 192 0.101626
172 193 0.090430
172 194 0.079196
172 195 0.067936
172 196 0.056649
172 197 0.045345
172 198 0.034022
172 199 0.022688
172 200 0.011346
173 101 0.391116
173 102 0.394248
173 103 0.397314
173 104 0.400407
173 105 0.403430
173 106 0.406474
173 107 0.409445
173 108 0.412431
173 109 0.415338
173 110 0.418254
173 111 0.421085
173 112 0.423917
173 113 0.426658
173 114 0.429391
173 115 0.432024
173 116 0.434639
173 117 0.437146
173 118 0.439625
173 119 0.441986
173 120 0.444306
173 121 0.446496
173 122 0.448634
173 123 0.450629
173 124 0.452558
173 125 0.454332
173 126 0.456024
173 127 0.457547
173 128 0.458972
173 129 0.460214
173 130 0.461342
173 131 0.462271
173 132 0.463069
173 133 0.463654
173 134 0.464090
173 135 0.464298
173 136 0.464340
173 137 0.464138
173 138 0.463755
173 139 0.463113
173 140 0.462274
173 141 0.461165
173 142 0.459843
173 143 0.458240
173 144 0.456411
173 145 0.454291
173 146 0.451936
173 147 0.449282
173 148 0.446385
173 149 0.443184
173 150 0.439734
173 151 0.435978
173 152 0.431971
173 153 0.427659
173 154 0.423095
173 155 0.418230
173 156 0.413116
173 157 0.407708
173 158 0.402056
173 159 0.396118
173 160 0.389946
173 161 0.383498
173 162 0.376825
173 163 0.369890
173 164 0.362742
173 165 0.355347
173 166 0.347752
173 167 0.339925
173 168 0.331912
173 169 0.323684
173 170 0.315285
173 171 0.306688
173 172 0.297934
173 173 0.289000
173 174 0.279923
173 175 0.270683
173 176 0.261315
173 177 0.251800
173 178 0.242171
173 179 0.232411
173 180 0.222550
173 181 0.212573
173 182 0.202509
173 183 0.192342
173 184 0.182099
173 185 0.171768
173 186 0.161372
173 187 0.150900
173 188 0.140373
173 189 0.129782
173 190 0.119145
173 191 0.108455
173 192 0.097729
173 193 0.086960
173 194 0.076163
173 195 0.065333
173 196 0.054483
173 197 0.043609
173 198 0.032721
173 199 0.021820
173 200 0.010912
174 101 0.376925
174 102 0.379882
174 103 0.382865
174 104 0.385781
174 105 0.388719
174 106 0.391586
174 107 0.394469
174 108 0.397277
174 109 0.400095
174 110 0.402832
174 111 0.405573
174 112 0.408227
174 113 0.410876
174 114 0.413430
174 115 0.415972
174 116 0.418410
174 117 0.420826
174 118 0.423130
174 119 0.425400
174 120 0.427548
174 121 0.429650
174 122 0.431619
174 123 0.433530
174 124 0.435296
174 125 0.436990
174 126 0.438526
174 127 0.439976
174 128 0.441254
174 129 0.442430
174 130 0.443422
174 131 0.444296
174 132 0.444971
174 133 0.445512
174 134 0.445841
174 135 0.446019
174 136 0.445971
174 137 0.445756
174 138 0.445302
174 139 0.444667
174 140 0.443780
174 141 0.442698
174 142 0.441352
174 143 0.439798
174 144 0.437972
174 145 0.435927
174 146 0.433602
174 147 0.431050
174 148 0.428211
174 149 0.425139
174 150 0.421778
174 151 0.418180
174 152 0.414291
174 153 0.410165
174 154 0.405750
174 155 0.401099
174 156 0.396164
174 157 0.390996
174 158 0.385552
174 159 0.379881
174 160 0.373943
174 161 0.367786
174 162 0.361374
174 163 0.354753
174 164 0.347889
174 165 0.340828
174 166 0.333538
174 167 0.326063
174 168 0.318375
174 169 0.310515
174 170 0.302458
174 171 0.294243
174 172 0.285846
174 173 0.277305
174 174 0.268598
174 175 0.259761
174 176 0.250774
174 177 0.241670
174 178 0.232431
174 179 0.223089
174 180 0.213626
174 181 0.204072
174 182 0.194411
174 183 0.184671
174 184 0.174838
174 185 0.164935
174 186 0.154953
174 187 0.144911
174 188 0.134801
174 189 0.124642
174 190 0.114426
174 191 0.104169
174 192 0.093865
174 193 0.083529
174 194 0.073156
174 195 0.062758
174 196 0.052333
174 197 0.041891
174 198 0.031432
174 199 0.020961
174 200 0.010482
175 101 0.362709
175 102 0.365583
175 103 0.368394
175 104 0.371226
175 105 0.373990
175 106 0.376772
175 107 0.379482
175 108 0.382203
175 109 0.384847
175 110 0.387496
175 111 0.390063
175 112 0.392628
175 113 0.395104
175 114 0.397570
175 115 0.399939
175 116 0.402290
175 117 0.404536
175 118 0.406752
175 119 0.408855
175 120 0.410918
175 121 0.412858
175 122 0.414745
175 123 0.416498
175 124 0.418187
175 125 0.419729
175 126 0.421194
175 127 0.422501
175 128 0.423715
175 129 0.424759
175 130 0.425696
175 131 0.426449
175 132 0.427080
175 133 0.427515
175 134 0.427813
175 135 0.427900
175 136 0.427836
175 137 0.427550
175 138 0.427098
175 139 0.426410
175 140 0.425545
175 141 0.424433
175 142 0.423130
175 143 0.421571
175 144 0.419811
175 145 0.417787
175 146 0.415553
175 147 0.413048
175 148 0.410327
175 149 0.407331
175 150 0.404113
175 151 0.400620
175 152 0.396902
175 153 0.392910
175 154 0.388693
175 155 0.384204
175 156 0.379493
175 157 0.374516
175 158 0.369321
175 159 0.363868
175 160 0.358203
175 161 0.352290
175 162 0.346173
175 163 0.339819
175 164 0.333272
175 165 0.326500
175 166 0.319546
175 167 0.312380
175 168 0.305045
175 169 0.297512
175 170 0.289822
175 171 0.281949
175 172 0.273932
175 173 0.265748
175 174 0.257432
175 175 0.248964
175 176 0.240377
175 177 0.231651
175 178 0.222820
175 179 0.213865
175 180 0.204816
175 181 0.195656
175 182 0.186414
175 183 0.177074
175 184 0.167663
175 185 0.158167
175 186 0.148608
175 187 0.138977
175 188 0.129293
175 189 0.119548
175 190 0.109759
175 191 0.099918
175 192 0.090042
175 193 0.080125
175 194 0.070180
175 195 0.060204
175 196 0.050207
175 197 0.040188
175 198 0.030155
175 199 0.020109
175 200 0.010057
176 101 0.348557
176 102 0.351263
176 103 0.353990
176 104 0.356653
176 105 0.359334
176 106 0.361946
176 107 0.364570
176 108 0.367122
176 109 0.369680
176 110 0.372161
176 111 0.374641
176 112 0.377038
176 113 0.379427
176 114 0.381726
176 115 0.384010
176 116 0.386195
176 117 0.388356
176 118 0.390411
176 119 0.392431
176 120 0.394336
176 121 0.396196
176 122 0.397930
176 123 0.399608
176 124 0.401150
176 125 0.402623
176 126 0.403949
176 127 0.405192
176 128 0.406277
176 129 0.407267
176 130 0.408085
176 131 0.408794
176 132 0.409320
176 133 0.409722
176 134 0.409929
176 135 0.409999
176 136 0.409862
176 137 0.409574
176 138 0.409066
176 139 0.408396
176 140 0.407496
176 141 0.406421
176 142 0.405106
176 143 0.403606
176 144 0.401858
176 145 0.399916
176 146 0.397719
176 147 0.395321
176 148 0.392664
176 149 0.389799
176 150 0.386674
176 151 0.383337
176 152 0.379739
176 153 0.375929
176 154 0.371860
176 155 0.367579
176 156 0.363043
176 157 0.358299
176 158 0.353306
176 159 0.348109
176 160 0.342672
176 161 0.337038
176 162 0.331172
176 163 0.325118
176 164 0.318844
176 165 0.312392
176 166 0.305731
176 167 0.298902
176 168 0.291879
176 169 0.284699
176 170 0.277337
176 171 0.269831
176 172 0.262157
176 173 0.254351
176 174 0.246392
176 175 0.238312
176 176 0.230092
176 177 0.221764
176 178 0.213310
176 179 0.204758
176 180 0.196094
176 181 0.187344
176 182 0.178494
176 183 0.169569
176 184 0.160555
176 185 0.151477
176 186 0.142321
176 187 0.133110
176 188 0.123834
176 189 0.114510
176 190 0.105132
176 191 0.095714
176 192 0.086252
176 193 0.076758
176 194 0.067229
176 195 0.057676
176 196 0.048098
176 197 0.038502
176 198 0.028889
176 199 0.019266
176 200 0.009635
177 101 0.334383
177 102 0.337007
177 103 0.339569
177 104 0.342149
177 105 0.344664
177 106 0.347192
177 107 0.349651
177 108 0.352118
177 109 0.354512
177 110 0.356908
177 111 0.359224
177 112 0.361536
177 113 0.363763
177 114 0.365978
177 115 0.368101
177 116 0.370204
177 117 0.372208
177 118 0.374182
177 119 0.376049
177 120 0.377876
177 121 0.379587
177 122 0.381248
177 123 0.382783
177 124 0.384257
177 125 0.385593
177 126 0.386858
177 127 0.387974
177 128 0.389005
177 129 0.389878
177 130 0.390652
177 131 0.391257
177 132 0.391750
177 133 0.392062
177 134 0.392249
177 135 0.392244
177 136 0.392102
177 137 0.391756
177 138 0.391261
177 139 0.390552
177 140 0.389683
177 141 0.388590
177 142 0.387327
177 143 0.385832
177 144 0.384157
177 145 0.382244
177 146 0.380143
177 147 0.377799
177 148 0.375262
177 149 0.372478
177 150 0.369496
177 151 0.366267
177 152 0.362838
177 153 0.359162
177 154 0.355285
177 155 0.351165
177 156 0.346847
177 157 0.342289
177 158 0.337537
177 159 0.332552
177 160 0.327377
177 161 0.321978
177 162 0.316397
177 163 0.310601
177 164 0.304631
177 165 0.298457
177 166 0.292118
177 167 0.285587
177 168 0.278902
177 169 0.272037
177 170 0.265028
177 171 0.257852
177 172 0.250544
177 173 0.243082
177 174 0.235499
177 175 0.227775
177 176 0.219941
177 177 0.211979
177 178 0.203919
177 179 0.195743
177 180 0.187480
177 181 0.179113
177 182 0.170669
177 183 0.162134
177 184 0.153531
177 185 0.144848
177 186 0.136106
177 187 0.127295
177 188 0.118435
177 189 0.109516
177 190 0.100555
177 191 0.091545
177 192 0.082501
177 193 0.073419
177 194 0.064309
177 195 0.055169
177 196 0.046010
177 197 0.036830
177 198 0.027636
177 199 0.018430
177 200 0.009217
178 101 0.320271
178 102 0.322733
178 103 0.325213
178 104 0.327631
178 105 0.330063
178 106 0.332429
178 107 0.334805
178 108 0.337111
178 109 0.339422
178 110 0.341657
178 111 0.343891
178 112 0.346044
178 113 0.348189
178 114 0.350248
178 115 0.352290
178 116 0.354240
178 117 0.356165
178 118 0.357989
178 119 0.359780
178 120 0.361462
178 121 0.363101
178 122 0.364622
178 123 0.366090
178 124 0.367431
178 125 0.368708
178 126 0.369847
178 127 0.370910
178 128 0.371827
178 129 0.372655
178 130 0.373326
178 131 0.373897
178 132 0.374299
178 133 0.374589
178 134 0.374701
178 135 0.374688
178 136 0.374486
178 137 0.374149
178 138 0.373612
178 139 0.372929
178 140 0.372037
178 141 0.370989
178 142 0.369725
178 143 0.368294
178 144 0.366641
178 145 0.364814
178 146 0.362759
178 147 0.360524
178 148 0.358057
178 149 0.355405
178 150 0.352519
178 151 0.349445
178 152 0.346137
178 153 0.342641
178 154 0.338912
178 155 0.334994
178 156 0.330848
178 157 0.326516
178 158 0.321961
178 159 0.317224
178 160 0.312270
178 161 0.307140
178 162 0.301802
178 163 0.296295
178 164 0.290588
178 165 0.284722
178 166 0.278666
178 167 0.272459
178 168 0.266075
178 169 0.259549
178 170 0.252857
178 171 0.246034
178 172 0.239058
178 173 0.231960
178 174 0.224721
178 175 0.217373
178 176 0.209895
178 177 0.202317
178 178 0.194622
178 179 0.186838
178 180 0.178949
178 181 0.170980
178 182 0.162917
178 183 0.154785
178 184 0.146570
178 185 0.138293
178 186 0.129945
178 187 0.121544
178 188 0.113082
178 189 0.104575
178 190 0.096016
178 191 0.087420
178 192 0.078782
178 193 0.070114
178 194 0.061412
178 195 0.052688
178 196 0.043939
178 197 0.035174
178 198 0.026393
178 199 0.017602
178 200 0.008802
179 101 0.306142
179 102 0.308521
179 103 0.310843
179 104 0.313178
179 105 0.315452
179 106 0.317736
179 107 0.319954
179 108 0.322178
179 109 0.324332
179 110 0.326486
179 111 0.328564
179 112 0.330637
179 113 0.332629
179 114 0.334609
179 115 0.336501
179 116 0.338373
179 117 0.340152
179 118 0.341902
179 119 0.343551
179 120 0.345162
179 121 0.346665
179 122 0.348120
179 123 0.349458
179 124 0.350739
179 125 0.351893
179 126 0.352980
179 127 0.353930
179 128 0.354802
179 129 0.355528
179 130 0.356164
179 131 0.356644
179 132 0.357023
179 133 0.357237
179 134 0.357338
179 135 0.357264
179 136 0.357066
179 137 0.356684
179 138 0.356168
179 139 0.355458
179 140 0.354605
179 141 0.353550
179 142 0.352343
179 143 0.350928
179 144 0.349352
179 145 0.347563
179 146 0.345606
179 147 0.343432
179 148 0.341086
179 149 0.338519
179 150 0.335777
179 151 0.332813
179 152 0.329672
179 153 0.326309
179 154 0.322770
179 155 0.319011
179 156 0.315077
179 157 0.310928
179 158 0.306606
179 159 0.302076
179 160 0.297376
179 161 0.292475
179 162 0.287411
179 163 0.282154
179 164 0.276741
179 165 0.271143
179 166 0.265398
179 167 0.259478
179 168 0.253420
179 169 0.247198
179 170 0.240847
179 171 0.234343
179 172 0.227719
179 173 0.220955
179 174 0.214080
179 175 0.207076
179 176 0.199972
179 177 0.192750
179 178 0.185437
179 179 0.178018
179 180 0.170517
179 181 0.162922
179 182 0.155254
179 183 0.147502
179 184 0.139686
179 185 0.131796
179 186 0.123851
179 187 0.115842
179 188 0.107786
179 189 0.099675
179 190 0.091524
179 191 0.083328
179 192 0.075100
179 193 0.066835
179 194 0.058545
179 195 0.050226
179 196 0.041889
179 197 0.033531
179 198 0.025162
179 199 0.016780
179 200 0.008392
180 101 0.292071
180 102 0.294295
180 103 0.296534
180 104 0.298715
180 105 0.300906
180 106 0.303036
180 107 0.305173
180 108 0.307243
180 109 0.309316
180 110 0.311318
180 111 0.313317
180 112 0.315241
180 113 0.317155
180 114 0.318987
180 115 0.320804
180 116 0.322533
180 117 0.324238
180 118 0.325849
180 119 0.327428
180 120 0.328906
180 121 0.330344
180 122 0.331672
180 123 0.332950
180 124 0.334111
180 125 0.335212
180 126 0.336187
180 127 0.337092
180 128 0.337863
180 129 0.338553
180 130 0.339099
180 131 0.339554
180 132 0.339856
180 133 0.340056
180 134 0.340094
180 135 0.340021
180 136 0.339776
180 137 0.339409
180 138 0.338863
180 139 0.338186
180 140 0.337322
180 141 0.336317
180 142 0.335119
180 143 0.333773
180 144 0.332228
180 145 0.330528
180 146 0.328625
180 147 0.326561
180 148 0.324290
180 149 0.321856
180 150 0.319213
180 151 0.316403
180 152 0.313385
180 153 0.310199
180 154 0.306806
180 155 0.303246
180 156 0.299482
180 157 0.295553
180 158 0.291424
180 159 0.287134
180 160 0.282649
180 161 0.278009
180 162 0.273181
180 163 0.268202
180 164 0.263045
180 165 0.257744
180 166 0.252274
180 167 0.246667
180 168 0.240900
180 169 0.235006
180 170 0.228962
180 171 0.222799
180 172 0.216497
180 173 0.210085
180 174 0.203544
180 175 0.196903
180 176 0.190145
180 177 0.183295
180 178 0.176338
180 179 0.169299
180 180 0.162163
180 181 0.154954
180 182 0.147658
180 183 0.140298
180 184 0.132862
180 185 0.125368
180 186 0.117808
180 187 0.110199
180 188 0.102533
180 189 0.094825
180 190 0.087069
180 191 0.079278
180 192 0.071448
180 193 0.063589
180 194 0.055700
180 195 0.047789
180 196 0.039854
180 197 0.031905
180 198 0.023940
180 199 0.015966
180 200 0.007985
181 101 0.277985
181 102 0.280127
181 103 0.282214
181 104 0.284313
181 105 0.286353
181 106 0.288401
181 107 0.290388
181 108 0.292378
181 109 0.294303
181 110 0.296226
181 111 0.298078
181 112 0.299924
181 113 0.301694
181 114 0.303452
181 115 0.305128
181 116 0.306784
181 117 0.308353
181 118 0.309895
181 119 0.311344
181 120 0.312757
181 121 0.314069
181 122 0.315338
181 123 0.316498
181 124 0.317605
181 125 0.318597
181 126 0.319526
181 127 0.320331
181 128 0.321064
181 129 0.321664
181 130 0.322183
181 131 0.322561
181 132 0.322847
181 133 0.322983
181 134 0.323019
181 135 0.322895
181 136 0.322662
181 137 0.322262
181 138 0.321743
181 139 0.321051
181 140 0.320230
181 141 0.319230
181 142 0.318094
181 143 0.316771
181 144 0.315307
181 145 0.313652
181 146 0.311849
181 147 0.309853
181 148 0.307704
181 149 0.305359
181 150 0.302858
181 151 0.300161
181 152 0.297307
181 153 0.294256
181 154 0.291049
181 155 0.287647
181 156 0.284090
181 157 0.280341
181 158 0.276439
181 159 0.272351
181 160 0.268114
181 161 0.263696
181 162 0.259134
181 163 0.254399
181 164 0.249525
181 165 0.244486
181 166 0.239315
181 167 0.233988
181 168 0.228536
181 169 0.222937
181 170 0.217222
181 171 0.211369
181 172 0.205408
181 173 0.199320
181 174 0.193132
181 175 0.186827
181 176 0.180431
181 177 0.173927
181 178 0.167341
181 179 0.160658
181 180 0.153900
181 181 0.147055
181 182 0.140144
181 183 0.133156
181 184 0.126109
181 185 0.118994
181 186 0.111828
181 187 0.104602
181 188 0.097333
181 189 0.090014
181 190 0.082658
181 191 0.075259
181 192 0.067831
181 193 0.060368
181 194 0.052882
181 195 0.045369
181 196 0.037839
181 197 0.030290
181 198 0.022730
181 199 0.015158
181 200 0.007581
182 101 0.263955
182 102 0.265947
182 103 0.267952
182 104 0.269902
182 105 0.271861
182 106 0.273762
182 107 0.275669
182 108 0.277513
182 109 0.279359
182 110 0.281138
182 111 0.282914
182 112 0.284619
182 113 0.286314
182 114 0.287934
182 115 0.289537
182 116 0.291061
182 117 0.292561
182 118 0.293974
182 119 0.295358
182 120 0.296648
182 121 0.297900
182 122 0.299053
182 123 0.300159
182 124 0.301158
182 125 0.302103
182 126 0.302933
182 127 0.303699
182 128 0.304343
182 129 0.304915
182 130 0.305355
182 131 0.305715
182 132 0.305936
182 133 0.306066
182 134 0.306050
182 135 0.305934
182 136 0.305665
182 137 0.305287
182 138 0.304749
182 139 0.304094
182 140 0.303272
182 141 0.302326
182 142 0.301208
182 143 0.299959
182 144 0.298532
182 145 0.296969
182 146 0.295225
182 147 0.293341
182 148 0.291272
182 149 0.289059
182 150 0.286661
182 151 0.284117
182 152 0.281387
182 153 0.278510
182 154 0.275450
182 155 0.272242
182 156 0.268853
182 157 0.265319
182 158 0.261607
182 159 0.257753
182 160 0.253726
182 161 0.249562
182 162 0.245230
182 163 0.240765
182 164 0.236141
182 165 0.231389
182 166 0.226486
182 167 0.221461
182 168 0.216293
182 169 0.211012
182 170 0.205595
182 171 0.200073
182 172 0.194425
182 173 0.188678
182 174 0.182816
182 175 0.176863
182 176 0.170804
182 177 0.164662
182 178 0.158423
182 179 0.152109
182 180 0.145708
182 181 0.139240
182 182 0.132693
182 183 0.126087
182 184 0.119411
182 185 0.112683
182 186 0.105894
182 187 0.099061
182 188 0.092174
182 189 0.085249
182 190 0.078280
182 191 0.071279
182 192 0.064241
182 193 0.057177
182 194 0.050085
182 195 0.042972
182 196 0.035838
182 197 0.028691
182 198 0.021528
182 199 0.014358
182 200 0.007180
183 101 0.249912
183 102 0.251822
183 103 0.253681
183 104 0.255549
183 105 0.257364
183 106 0.259184
183 107 0.260948
183 108 0.262713
183 109 0.264418
183 110 0.266120
183 111 0.267758
183 112 0.269387
183 113 0.270948
183 114 0.272495
183 115 0.273968
183 116 0.275422
183 117 0.276796
183 118 0.278144
183 119 0.279407
183 120 0.280637
183 121 0.281775
183 122 0.282873
183 123 0.283872
183 124 0.284824
183 125 0.285670
183 126 0.286460
183 127 0.287137
183 128 0.287750
183 129 0.288243
183 130 0.288663
183 131 0.288956
183 132 0.289168
183 133 0.289245
183 134 0.289232
183 135 0.289077
183 136 0.288825
183 137 0.288425
183 138 0.287919
183 139 0.287258
183 140 0.286485
183 141 0.285551
183 142 0.284498
183 143 0.283281
183 144 0.281938
183 145 0.280426
183 146 0.278785
183 147 0.276972
183 148 0.275026
183 149 0.272906
183 150 0.270650
183 151 0.268220
183 152 0.265653
183 153 0.262912
183 154 0.260034
183 155 0.256984
183 156 0.253797
183 157 0.250441
183 158 0.246951
183 159 0.243296
183 160 0.239509
183 161 0.235563
183 162 0.231490
183 163 0.227263
183 164 0.222914
183 165 0.218417
183 166 0.213805
183 167 0.209053
183 168 0.204190
183 169 0.199197
183 170 0.194099
183 171 0.188879
183 172 0.183563
183 173 0.178132
183 174 0.172612
183 175 0.166986
183 176 0.161279
183 177 0.155476
183 178 0.149598
183 179 0.143632
183 180 0.137599
183 181 0.131488
183 182 0.125316
183 183 0.119074
183 184 0.112779
183 185 0.106422
183 186 0.100018
183 187 0.093561
183 188 0.087063
183 189 0.080520
183 190 0.073943
183 191 0.067327
183 192 0.060684
183 193 0.054009
183 194 0.047313
183 195 0.040592
183 196 0.033856
183 197 0.027102
183 198 0.020338
183 199 0.013563
183 200 0.006783
184 101 0.235920
184 102 0.237687
184 103 0.239463
184 104 0.241190
184 105 0.242923
184 106 0.244604
184 107 0.246287
184 108 0.247915
184 109 0.249542
184 110 0.251108
184 111 0.252670
184 112 0.254167
184 113 0.255655
184 114 0.257073
184 115 0.258477
184 116 0.259806
184 117 0.261115
184 118 0.262344
184 119 0.263546
184 120 0.264663
184 121 0.265746
184 122 0.266738
184 123 0.267688
184 124 0.268542
184 125 0.269347
184 126 0.270048
184 127 0.270692
184 128 0.271227
184 129 0.271696
184 130 0.272049
184 131 0.272330
184 132 0.272486
184 133 0.272563
184 134 0.272509
184 135 0.272367
184 136 0.272089
184 137 0.271715
184 138 0.271199
184 139 0.270581
184 140 0.269814
184 141 0.268939
184 142 0.267912
184 143 0.266770
184 144 0.265472
184 145 0.264054
184 146 0.262477
184 147 0.260777
184 148 0.258915
184 149 0.256928
184 150 0.254777
184 151 0.252499
184 152 0.250057
184 153 0.247488
184 154 0.244756
184 155 0.241896
184 156 0.238877
184 157 0.235731
184 158 0.232428
184 159 0.229001
184 160 0.225422
184 161 0.221722
184 162 0.217875
184 163 0.213911
184 164 0.209806
184 165 0.205589
184 166 0.201238
184 167 0.196780
184 168 0.192195
184 169 0.187509
184 170 0.182704
184 171 0.177804
184 172 0.172794
184 173 0.167695
184 174 0.162493
184 175 0.157211
184 176 0.151833
184 177 0.146382
184 178 0.140844
184 179 0.135238
184 180 0.129555
184 181 0.123811
184 182 0.117996
184 183 0.112128
184 184 0.106197
184 185 0.100218
184 186 0.094185
184 187 0.088111
184 188 0.081990
184 189 0.075833
184 190 0.069636
184 191 0.063411
184 192 0.057152
184 193 0.050869
184 194 0.044560
184 195 0.038233
184 196 0.031887
184 197 0.025528
184 198 0.019155
184 199 0.012775
184 200 0.006389
185 101 0.221918
185 102 0.223602
185 103 0.225239
185 104 0.226883
185 105 0.228479
185 106 0.230079
185 107 0.231627
185 108 0.233176
185 109 0.234669
185 110 0.236160
185 111 0.237591
185 112 0.239015
185 113 0.240376
185 114 0.241724
185 115 0.243005
185 116 0.244268
185 117 0.245460
185 118 0.246627
185 119 0.247717
185 120 0.248778
185 121 0.249756
185 122 0.250698
185 123 0.251551
185 124 0.252362
185 125 0.253078
185 126 0.253744
185 127 0.254309
185 128 0.254818
185 129 0.255219
185 130 0.255556
185 131 0.255780
185 132 0.255933
185 133 0.255966
185 134 0.255920
185 135 0.255749
185 136 0.255493
185 137 0.255105
185 138 0.254625
185 139 0.254010
185 140 0.253295
185 141 0.252440
185 142 0.251481
185 143 0.250377
185 144 0.249165
185 145 0.247805
185 146 0.246331
185 147 0.244708
185 148 0.242968
185 149 0.241077
185 150 0.239068
185 151 0.236906
185 152 0.234625
185 153 0.232192
185 154 0.229640
185 155 0.226937
185 156 0.224116
185 157 0.221147
185 158 0.218061
185 159 0.214831
185 160 0.211486
185 161 0.208001
185 162 0.204405
185 163 0.200675
185 164 0.196837
185 165 0.192871
185 166 0.188802
185 167 0.184611
185 168 0.180323
185 169 0.175919
185 170 0.171424
185 171 0.166821
185 172 0.162133
185 173 0.157343
185 174 0.152475
185 175 0.147513
185 176 0.142479
185 177 0.137359
185 178 0.132173
185 179 0.126909
185 180 0.121585
185 181 0.116190
185 182 0.110743
185 183 0.105232
185 184 0.099673
185 185 0.094059
185 186 0.088404
185 187 0.082700
185 188 0.076960
185 189 0.071179
185 190 0.065367
185 191 0.059521
185 192 0.053649
185 193 0.047750
185 194 0.041831
185 195 0.035890
185 196 0.029934
185 197 0.023963
185 198 0.017982
185 199 0.011993
185 200 0.005998
186 101 0.207963
186 102 0.209509
186 103 0.211063
186 104 0.212572
186 105 0.214086
186 106 0.215553
186 107 0.217021
186 108 0.218439
186 109 0.219855
186 110 0.221217
186 111 0.222574
186 112 0.223874
186 113 0.225163
186 114 0.226391
186 115 0.227604
186 116 0.228752
186 117 0.229880
186 118 0.230938
186 119 0.231970
186 120 0.232927
186 121 0.233853
186 122 0.234698
186 123 0.235506
186 124 0.236229
186 125 0.236907
186 126 0.237494
186 127 0.238031
186 128 0.238470
186 129 0.238853
186 130 0.239133
186 131 0.239349
186 132 0.239456
186 133 0.239493
186 134 0.239415
186 135 0.239261
186 136 0.238987
186 137 0.238630
186 138 0.238148
186 139 0.237578
186 140 0.236878
186 141 0.236085
186 142 0.235158
186 143 0.234132
186 144 0.232970
186 145 0.231705
186 146 0.230301
186 147 0.228790
186 148 0.227139
186 149 0.225379
186 150 0.223478
186 151 0.221466
186 152 0.219313
186 153 0.217049
186 154 0.214644
186 155 0.212128
186 156 0.209474
186 157 0.206710
186 158 0.203810
186 159 0.200803
186 160 0.197663
186 161 0.194418
186 162 0.191045
186 163 0.187571
186 164 0.183973
186 165 0.180279
186 166 0.176467
186 167 0.172562
186 168 0.168546
186 169 0.164442
186 170 0.160234
186 171 0.155943
186 172 0.151554
186 173 0.147089
186 174 0.142532
186 175 0.137905
186 176 0.133194
186 177 0.128418
186 178 0.123565
186 179 0.118653
186 180 0.113672
186 181 0.108637
186 182 0.103540
186 183 0.098395
186 184 0.093195
186 185 0.087952
186 186 0.082661
186 187 0.077334
186 188 0.071963
186 189 0.066562
186 190 0.061125
186 191 0.055662
186 192 0.050169
186 193 0.044656
186 194 0.039118
186 195 0.033565
186 196 0.027994
186 197 0.022411
186 198 0.016817
186 199 0.011216
186 200 0.005609
187 101 0.194000
187 102 0.195462
187 103 0.196882
187 104 0.198308
187 105 0.199691
187 106 0.201077
187 107 0.202416
187 108 0.203755
187 109 0.205045
187 110 0.206332
187 111 0.207566
187 112 0.208793
187 113 0.209964
187 114 0.211123
187 115 0.212222
187 116 0.213305
187 117 0.214324
187 118 0.215322
187 119 0.216252
187 120 0.217155
187 121 0.217985
187 122 0.218783
187 123 0.219503
187 124 0.220185
187 125 0.220785
187 126 0.221340
187 127 0.221807
187 128 0.222224
187 129 0.222548
187 130 0.222816
187 131 0.222984
187 132 0.223091
187 133 0.223093
187 134 0.223028
187 135 0.222853
187 136 0.222604
187 137 0.222241
187 138 0.221799
187 139 0.221239
187 140 0.220593
187 141 0.219826
187 142 0.218970
187 143 0.217988
187 144 0.216913
187 145 0.215710
187 146 0.214410
187 147 0.212981
187 148 0.211452
187 149 0.209792
187 150 0.208030
187 151 0.206138
187 152 0.204143
187 153 0.202017
187 154 0.199788
187 155 0.197430
187 156 0.194970
187 157 0.192382
187 158 0.189694
187 159 0.186882
187 160 0.183970
187 161 0.180939
187 162 0.177811
187 163 0.174567
187 164 0.171230
187 165 0.167782
187 166 0.164246
187 167 0.160603
187 168 0.156877
187 169 0.153050
187 170 0.149145
187 171 0.145144
187 172 0.141070
187 173 0.136908
187 174 0.132677
187 175 0.128365
187 176 0.123990
187 177 0.119539
187 178 0.115031
187 179 0.110455
187 180 0.105826
187 181 0.101135
187 182 0.096397
187 183 0.091604
187 184 0.086769
187 185 0.081885
187 186 0.076964
187 187 0.072001
187 188 0.067006
187 189 0.061975
187 190 0.056916
187 191 0.051827
187 192 0.046716
187 193 0.041580
187 194 0.036426
187 195 0.031254
187 196 0.026068
187 197 0.020868
187 198 0.015660
187 199 0.010444
187 200 0.005223
188 101 0.180078
188 102 0.181408
188 103 0.182745
188 104 0.184041
188 105 0.185342
188 106 0.186600
188 107 0.187860
188 108 0.189075
188 109 0.190288
188 110 0.191453
188 111 0.192613
188 112 0.193723
188 113 0.194823
188 114 0.195869
188 115 0.196902
188 116 0.197878
188 117 0.198835
188 118 0.199731
188 119 0.200605
188 120 0.201413
188 121 0.202193
188 122 0.202903
188 123 0.203581
188 124 0.204184
188 125 0.204748
188 126 0.205234
188 127 0.205675
188 128 0.206032
188 129 0.206340
188 130 0.206559
188 131 0.206723
188 132 0.206792
188 133 0.206802
188 134 0.206712
188 135 0.206557
188 136 0.206299
188 137 0.205969
188 138 0.205533
188 139 0.205020
188 140 0.204397
188 141 0.203693
188 142 0.202875
188 143 0.201972
188 144 0.200953
188 145 0.199845
188 146 0.198619
188 147 0.197303
188 148 0.195866
188 149 0.194336
188 150 0.192686
188 151 0.190941
188 152 0.189076
188 153 0.187116
188 154 0.185035
188 155 0.182861
188 156 0.180568
188 157 0.178181
188 158 0.175678
188 159 0.173084
188 160 0.170376
188 161 0.167578
188 162 0.164671
188 163 0.161677
188 164 0.158578
188 165 0.155395
188 166 0.152112
188 167 0.148749
188 168 0.145290
188 169 0.141756
188 170 0.138132
188 171 0.134438
188 172 0.130658
188 173 0.126813
188 174 0.122889
188 175 0.118904
188 176 0.114846
188 177 0.110733
188 178 0.106552
188 179 0.102321
188 180 0.098029
188 181 0.093691
188 182 0.089298
188 183 0.084865
188 184 0.080382
188 185 0.075864
188 186 0.071302
188 187 0.066709
188 188 0.062078
188 189 0.057421
188 190 0.052732
188 191 0.048020
188 192 0.043283
188 193 0.038527
188 194 0.033750
188 195 0.028959
188 196 0.024153
188 197 0.019336
188 198 0.014510
188 199 0.009677
188 200 0.004840
189 101 0.166149
189 102 0.167394
189 103 0.168603
189 104 0.169816
189 105 0.170991
189 106 0.172168
189 107 0.173305
189 108 0.174441
189 109 0.175534
189 110 0.176624
189 111 0.177668
189 112 0.178706
189 113 0.179694
189 114 0.180672
189 115 0.181599
189 116 0.182511
189 117 0.183367
189 118 0.184205
189 119 0.184984
189 120 0.185740
189 121 0.186432
189 122 0.187097
189 123 0.187695
189 124 0.188260
189 125 0.188754
189 126 0.189210
189 127 0.189590
189 128 0.189928
189 129 0.190185
189 130 0.190395
189 131 0.190519
189 132 0.190591
189 133 0.190574
189 134 0.190499
189 135 0.190331
189 136 0.190100
189 137 0.189772
189 138 0.189376
189 139 0.188881
189 140 0.188313
189 141 0.187642
189 142 0.186895
189 143 0.186042
189 144 0.185111
189 145 0.184071
189 146 0.182949
189 147 0.181717
189 148 0.180401
189 149 0.178975
189 150 0.177462
189 151 0.175839
189 152 0.174130
189 153 0.172309
189 154 0.170403
189 155 0.168386
189 156 0.166284
189 157 0.164073
189 158 0.161778
189 159 0.159377
189 160 0.156893
189 161 0.154307
189 162 0.151640
189 163 0.148873
189 164 0.146029
189 165 0.143090
189 166 0.140076
189 167 0.136972
189 168 0.133797
189 169 0.130536
189 170 0.127208
189 171 0.123800
189 172 0.120328
189 173 0.116782
189 174 0.113177
189 175 0.109502
189 176 0.105773
189 177 0.101980
189 178 0.098137
189 179 0.094236
189 180 0.090290
189 181 0.086291
189 182 0.082252
189 183 0.078165
189 184 0.074042
189 185 0.069876
189 186 0.065680
189 187 0.061446
189 188 0.057185
189 189 0.052892
189 190 0.048577
189 191 0.044234
189 192 0.039873
189 193 0.035490
189 194 0.031092
189 195 0.026677
189 196 0.022251
189 197 0.017813
189 198 0.013367
189 199 0.008915
189 200 0.004459
190 101 0.152257
190 102 0.153376
190 103 0.154499
190 104 0.155588
190 105 0.156680
190 106 0.157736
190 107 0.158792
190 108 0.159810
190 109 0.160826
190 110 0.161801
190 111 0.162771
190 112 0.163698
190 113 0.164617
190 114 0.165489
190 115 0.166350
190 116 0.167161
190 117 0.167957
190 118 0.168701
190 119 0.169425
190 120 0.170093
190 121 0.170737
190 122 0.171322
190 123 0.171879
190 124 0.172373
190 125 0.172834
190 126 0.173228
190 127 0.173584
190 128 0.173870
190 129 0.174113
190 130 0.174281
190 131 0.174403
190 132 0.174446
190 133 0.174438
190 134 0.174347
190 135 0.174200
190 136 0.173966
190 137 0.173673
190 138 0.173290
190 139 0.172844
190 140 0.172304
190 141 0.171697
190 142 0.170994
190 143 0.170221
190 144 0.169350
190 145 0.168405
190 146 0.167361
190 147 0.166242
190 148 0.165022
190 149 0.163725
190 150 0.162326
190 151 0.160849
190 152 0.159271
190 153 0.157614
190 154 0.155857
190 155 0.154021
190 156 0.152086
190 157 0.150073
190 158 0.147962
190 159 0.145775
190 160 0.143493
190 161 0.141137
190 162 0.138688
190 163 0.136167
190 164 0.133557
190 165 0.130878
190 166 0.128114
190 167 0.125284
190 168 0.122373
190 169 0.119399
190 170 0.116349
190 171 0.113240
190 172 0.110059
190 173 0.106823
190 174 0.103521
190 175 0.100167
190 176 0.096752
190 177 0.093289
190 178 0.089770
190 179 0.086208
190 180 0.082595
190 181 0.078942
190 182 0.075243
190 183 0.071510
190 184 0.067735
190 185 0.063929
190 186 0.060087
190 187 0.056217
190 188 0.052317
190 189 0.048393
190 190 0.044442
190 191 0.040472
190 192 0.036480
190 193 0.032472
190 194 0.028446
190 195 0.024409
190 196 0.020358
190 197 0.016298
190 198 0.012230
190 199 0.008157
190 200 0.004079
191 101 0.138360
191 102 0.139392
191 103 0.140392
191 104 0.141397
191 105 0.142369
191 106 0.143342
191 107 0.144282
191 108 0.145220
191 109 0.146122
191 110 0.147021
191 111 0.147882
191 112 0.148736
191 113 0.149550
191 114 0.150354
191 115 0.151115
191 116 0.151863
191 117 0.152565
191 118 0.153251
191 119 0.153888
191 120 0.154505
191 121 0.155069
191 122 0.155610
191 123 0.156094
191 124 0.156552
191 125 0.156949
191 126 0.157315
191 127 0.157618
191 128 0.157885
191 129 0.158086
191 130 0.158247
191 131 0.158337
191 132 0.158383
191 133 0.158356
191 134 0.158280
191 135 0.158127
191 136 0.157922
191 137 0.157637
191 138 0.157297
191 139 0.156873
191 140 0.156390
191 141 0.155821
191 142 0.155190
191 143 0.154472
191 144 0.153688
191 145 0.152815
191 146 0.151875
191 147 0.150844
191 148 0.149744
191 149 0.148553
191 150 0.147291
191 151 0.145938
191 152 0.144514
191 153 0.142998
191 154 0.141411
191 155 0.139734
191 156 0.137987
191 157 0.136150
191 158 0.134243
191 159 0.132249
191 160 0.130187
191 161 0.128040
191 162 0.125827
191 163 0.123532
191 164 0.121173
191 165 0.118735
191 166 0.116235
191 167 0.113661
191 168 0.111028
191 169 0.108323
191 170 0.105564
191 171 0.102738
191 172 0.099859
191 173 0.096918
191 174 0.093929
191 175 0.090881
191 176 0.087789
191 177 0.084643
191 178 0.081457
191 179 0.078221
191 180 0.074948
191 181 0.071630
191 182 0.068279
191 183 0.064888
191 184 0.061467
191 185 0.058011
191 186 0.054528
191 187 0.051014
191 188 0.047478
191 189 0.043915
191 190 0.040332
191 191 0.036728
191 192 0.033107
191 193 0.029468
191 194 0.025817
191 195 0.022151
191 196 0.018476
191 197 0.014791
191 198 0.011100
191 199 0.007403
191 200 0.003702
192 101 0.124494
192 102 0.125404
192 103 0.126318
192 104 0.127203
192 105 0.128091
192 106 0.128949
192 107 0.129806
192 108 0.130633
192 109 0.131457
192 110 0.132247
192 111 0.133033
192 112 0.133783
192 113 0.134526
192 114 0.135231
192 115 0.135926
192 116 0.136580
192 117 0.137222
192 118 0.137820
192 119 0.138403
192 120 0.138939
192 121 0.139455
192 122 0.139923
192 123 0.140368
192 124 0.140760
192 125 0.141126
192 126 0.141437
192 127 0.141718
192 128 0.141940
192 129 0.142128
192 130 0.142254
192 131 0.142343
192 132 0.142367
192 133 0.142349
192 134 0.142264
192 135 0.142134
192 136 0.141933
192 137 0.141684
192 138 0.141361
192 139 0.140987
192 140 0.140537
192 141 0.140033
192 142 0.139451
192 143 0.138812
192 144 0.138093
192 145 0.137316
192 146 0.136457
192 147 0.135538
192 148 0.134537
192 149 0.133473
192 150 0.132328
192 151 0.131119
192 152 0.129828
192 153 0.128473
192 154 0.127037
192 155 0.125538
192 156 0.123958
192 157 0.122315
192 158 0.120594
192 159 0.118810
192 160 0.116949
192 161 0.115028
192 162 0.113032
192 163 0.110977
192 164 0.108851
192 165 0.106668
192 166 0.104416
192 167 0.102111
192 168 0.099740
192 169 0.097317
192 170 0.094833
192 171 0.092300
192 172 0.089710
192 173 0.087074
192 174 0.084384
192 175 0.081652
192 176 0.078870
192 177 0.076049
192 178 0.073183
192 179 0.070280
192 180 0.067336
192 181 0.064360
192 182 0.061346
192 183 0.058304
192 184 0.055227
192 185 0.052126
192 186 0.048994
192 187 0.045840
192 188 0.042660
192 189 0.039461
192 190 0.036241
192 191 0.033004
192 192 0.029749
192 193 0.026481
192 194 0.023198
192 195 0.019906
192 196 0.016602
192 197 0.013292
192 198 0.009974
192 199 0.006652
192 200 0.003327
193 101 0.110623
193 102 0.111444
193 103 0.112241
193 104 0.113040
193 105 0.113813
193 106 0.114587
193 107 0.115333
193 108 0.116078
193 109 0.116795
193 110 0.117508
193 111 0.118190
193 112 0.118867
193 113 0.119511
193 114 0.120147
193 115 0.120749
193 116 0.121340
193 117 0.121894
193 118 0.122435
193 119 0.122936
193 120 0.123421
193 121 0.123864
193 122 0.124288
193 123 0.124667
193 124 0.125024
193 125 0.125333
193 126 0.125617
193 127 0.125850
193 128 0.126055
193 129 0.126206
193 130 0.126326
193 131 0.126389
193 132 0.126417
193 133 0.126387
193 134 0.126318
193 135 0.126187
193 136 0.126016
193 137 0.125780
193 138 0.125500
193 139 0.125155
193 140 0.124762
193 141 0.124301
193 142 0.123791
193 143 0.123211
193 144 0.122579
193 145 0.121877
193 146 0.121121
193 147 0.120294
193 148 0.119412
193 149 0.118457
193 150 0.117446
193 151 0.116363
193 152 0.115224
193 153 0.114013
193 154 0.112745
193 155 0.111405
193 156 0.110010
193 157 0.108544
193 158 0.107022
193 159 0.105432
193 160 0.103787
193 161 0.102075
193 162 0.100311
193 163 0.098481
193 164 0.096600
193 165 0.094657
193 166 0.092665
193 167 0.090614
193 168 0.088516
193 169 0.086361
193 170 0.084162
193 171 0.081910
193 172 0.079617
193 173 0.077273
193 174 0.074892
193 175 0.072463
193 176 0.069999
193 177 0.067492
193 178 0.064953
193 179 0.062374
193 180 0.059765
193 181 0.057121
193 182 0.054450
193 183 0.051747
193 184 0.049020
193 185 0.046264
193 186 0.043488
193 187 0.040686
193 188 0.037867
193 189 0.035026
193 190 0.032169
193 191 0.029294
193 192 0.026407
193 193 0.023505
193 194 0.020592
193 195 0.017669
193 196 0.014738
193 197 0.011798
193 198 0.008854
193 199 0.005905
193 200 0.002953
194 101 0.096778
194 102 0.097482
194 103 0.098190
194 104 0.098875
194 105 0.099562
194 106 0.100225
194 107 0.100889
194 108 0.101527
194 109 0.102163
194 110 0.102773
194 111 0.103380
194 112 0.103958
194 113 0.104531
194 114 0.105073
194 115 0.105608
194 116 0.106112
194 117 0.106605
194 118 0.107064
194 119 0.107510
194 120 0.107921
194 121 0.108316
194 122 0.108673
194 123 0.109012
194 124 0.109311
194 125 0.109589
194 126 0.109823
194 127 0.110035
194 128 0.110200
194 129 0.110340
194 130 0.110431
194 131 0.110493
194 132 0.110505
194 133 0.110485
194 134 0.110412
194 135 0.110304
194 136 0.110142
194 137 0.109942
194 138 0.109686
194 139 0.109390
194 140 0.109035
194 141 0.108638
194 142 0.108181
194 143 0.107680
194 144 0.107118
194 145 0.106510
194 146 0.105840
194 147 0.105122
194 148 0.104342
194 149 0.103513
194 150 0.102622
194 151 0.101681
194 152 0.100677
194 153 0.099625
194 154 0.098509
194 155 0.097344
194 156 0.096118
194 157 0.094842
194 158 0.093506
194 159 0.092122
194 160 0.090679
194 161 0.089189
194 162 0.087641
194 163 0.086048
194 164 0.084400
194 165 0.082708
194 166 0.080962
194 167 0.079175
194 168 0.077337
194 169 0.075460
194 170 0.073535
194 171 0.071572
194 172 0.069564
194 173 0.067521
194 174 0.065436
194 175 0.063319
194 176 0.061163
194 177 0.058977
194 178 0.056755
194 179 0.054505
194 180 0.052223
194 181 0.049916
194 182 0.047579
194 183 0.045220
194 184 0.042835
194 185 0.040430
194 186 0.038002
194 187 0.035556
194 188 0.033090
194 189 0.030609
194 190 0.028111
194 191 0.025601
194 192 0.023076
194 193 0.020542
194 194 0.017995
194 195 0.015441
194 196 0.012879
194 197 0.010311
194 198 0.007737
194 199 0.005161
194 200 0.002581
195 101 0.082929
195 102 0.083543
195 103 0.084138
195 104 0.084734
195 105 0.085311
195 106 0.085889
195 107 0.086446
195 108 0.087001
195 109 0.087535
195 110 0.088067
195 111 0.088574
195 112 0.089078
195 113 0.089558
195 114 0.090031
195 115 0.090478
195 116 0.090917
195 117 0.091327
195 118 0.091729
195 119 0.092100
195 120 0.092459
195 121 0.092786
195 122 0.093099
195 123 0.093378
195 124 0.093641
195 125 0.093867
195 126 0.094075
195 127 0.094245
195 128 0.094393
195 129 0.094501
195 130 0.094586
195 131 0.094628
195 132 0.094645
195 133 0.094617
195 134 0.094560
195 135 0.094458
195 136 0.094324
195 137 0.094143
195 138 0.093929
195 139 0.093666
195 140 0.093368
195 141 0.093019
195 142 0.092633
195 143 0.092195
195 144 0.091719
195 145 0.091190
195 146 0.090621
195 147 0.089999
195 148 0.089336
195 149 0.088619
195 150 0.087861
195 151 0.087048
195 152 0.086194
195 153 0.085286
195 154 0.084336
195 155 0.083332
195 156 0.082287
195 157 0.081190
195 158 0.080051
195 159 0.078860
195 160 0.077630
195 161 0.076349
195 162 0.075029
195 163 0.073660
195 164 0.072254
195 165 0.070801
195 166 0.069311
195 167 0.067777
195 168 0.066208
195 169 0.064597
195 170 0.062954
195 171 0.061270
195 172 0.059555
195 173 0.057803
195 174 0.056022
195 175 0.054206
195 176 0.052364
195 177 0.050490
195 178 0.048591
195 179 0.046662
195 180 0.044711
195 181 0.042734
195 182 0.040736
195 183 0.038715
195 184 0.036675
195 185 0.034614
195 186 0.032537
195 187 0.030442
195 188 0.028332
195 189 0.026207
195 190 0.024070
195 191 0.021919
195 192 0.019759
195 193 0.017588
195 194 0.015408
195 195 0.013221
195 196 0.011028
195 197 0.008828
195 198 0.006625
195 199 0.004419
195 200 0.002210
196 101 0.069099
196 102 0.069601
196 103 0.070105
196 104 0.070593
196 105 0.071081
196 106 0.071553
196 107 0.072024
196 108 0.072478
196 109 0.072930
196 110 0.073363
196 111 0.073794
196 112 0.074204
196 113 0.074611
196 114 0.074995
196 115 0.075374
196 116 0.075731
196 117 0.076080
196 118 0.076404
196 119 0.076720
196 120 0.077010
196 121 0.077289
196 122 0.077540
196 123 0.077779
196 124 0.077988
196 125 0.078183
196 126 0.078347
196 127 0.078494
196 128 0.078609
196 129 0.078705
196 130 0.078766
196 131 0.078807
196 132 0.078812
196 133 0.078794
196 134 0.078739
196 135 0.078658
196 136 0.078539
196 137 0.078394
196 138 0.078207
196 139 0.077993
196 140 0.077737
196 141 0.077451
196 142 0.077122
196 143 0.076763
196 144 0.076359
196 145 0.075923
196 146 0.075443
196 147 0.074929
196 148 0.074371
196 149 0.073779
196 150 0.073141
196 151 0.072469
196 152 0.071752
196 153 0.071001
196 154 0.070205
196 155 0.069374
196 156 0.068498
196 157 0.067589
196 158 0.066636
196 159 0.065649
196 160 0.064621
196 161 0.063558
196 162 0.062455
196 163 0.061320
196 164 0.060146
196 165 0.058940
196 166 0.057696
196 167 0.056423
196 168 0.055114
196 169 0.053776
196 170 0.052405
196 171 0.051006
196 172 0.049576
196 173 0.048121
196 174 0.046636
196 175 0.045127
196 176 0.043591
196 177 0.042034
196 178 0.040450
196 179 0.038848
196 180 0.037222
196 181 0.035578
196 182 0.033913
196 183 0.032232
196 184 0.030532
196 185 0.028818
196 186 0.027088
196 187 0.025345
196 188 0.023587
196 189 0.021819
196 190 0.020039
196 191 0.018250
196 192 0.016450
196 193 0.014643
196 194 0.012828
196 195 0.011008
196 196 0.009181
196 197 0.007351
196 198 0.005516
196 199 0.003679
196 200 0.001840
197 101 0.055268
197 102 0.055676
197 103 0.056071
197 104 0.056468
197 105 0.056851
197 106 0.057235
197 107 0.057604
197 108 0.057973
197 109 0.058328
197 110 0.058680
197 111 0.059017
197 112 0.059351
197 113 0.059669
197 114 0.059982
197 115 0.060278
197 116 0.060569
197 117 0.060841
197 118 0.061106
197 119 0.061351
197 120 0.061588
197 121 0.061804
197 122 0.062010
197 123 0.062194
197 124 0.062366
197 125 0.062515
197 126 0.062651
197 127 0.062762
197 128 0.062858
197 129 0.062928
197 130 0.062982
197 131 0.063008
197 132 0.063016
197 133 0.062995
197 134 0.062955
197 135 0.062885
197 136 0.062794
197 137 0.062671
197 138 0.062527
197 139 0.062349
197 140 0.062149
197 141 0.061914
197 142 0.061656
197 143 0.061362
197 144 0.061044
197 145 0.060690
197 146 0.060310
197 147 0.059894
197 148 0.059452
197 149 0.058973
197 150 0.058467
197 151 0.057926
197 152 0.057356
197 153 0.056751
197 154 0.056118
197 155 0.055450
197 156 0.054754
197 157 0.054023
197 158 0.053265
197 159 0.052472
197 160 0.051653
197 161 0.050801
197 162 0.049922
197 163 0.049012
197 164 0.048076
197 165 0.047109
197 166 0.046118
197 167 0.045098
197 168 0.044054
197 169 0.042983
197 170 0.041889
197 171 0.040769
197 172 0.039628
197 173 0.038463
197 174 0.037278
197 175 0.036071
197 176 0.034845
197 177 0.033598
197 178 0.032335
197 179 0.031052
197 180 0.029754
197 181 0.028439
197 182 0.027109
197 183 0.025764
197 184 0.024407
197 185 0.023036
197 186 0.021654
197 187 0.020260
197 188 0.018856
197 189 0.017442
197 190 0.016019
197 191 0.014588
197 192 0.013151
197 193 0.011705
197 194 0.010255
197 195 0.008799
197 196 0.007340
197 197 0.005876
197 198 0.004410
197 199 0.002941
197 200 0.001471
198 101 0.041449
198 102 0.041749
198 103 0.042051
198 104 0.042342
198 105 0.042635
198 106 0.042917
198 107 0.043199
198 108 0.043470
198 109 0.043741
198 110 0.044000
198 111 0.044257
198 112 0.044502
198 113 0.044745
198 114 0.044974
198 115 0.045201
198 116 0.045413
198 117 0.045621
198 118 0.045815
198 119 0.046003
198 120 0.046175
198 121 0.046341
198 122 0.046491
198 123 0.046632
198 124 0.046757
198 125 0.046872
198 126 0.046969
198 127 0.047056
198 128 0.047123
198 129 0.047179
198 130 0.047215
198 131 0.047238
198 132 0.047239
198 133 0.047227
198 134 0.047192
198 135 0.047143
198 136 0.047070
198 137 0.046982
198 138 0.046869
198 139 0.046739
198 140 0.046584
198 141 0.046412
198 142 0.046214
198 143 0.045997
198 144 0.045754
198 145 0.045492
198 146 0.045203
198 147 0.044895
198 148 0.044559
198 149 0.044204
198 150 0.043821
198 151 0.043418
198 152 0.042988
198 153 0.042537
198 154 0.042059
198 155 0.041561
198 156 0.041036
198 157 0.040491
198 158 0.039920
198 159 0.039329
198 160 0.038712
198 161 0.038076
198 162 0.037415
198 163 0.036735
198 164 0.036031
198 165 0.035309
198 166 0.034564
198 167 0.033802
198 168 0.033017
198 169 0.032216
198 170 0.031395
198 171 0.030557
198 172 0.029701
198 173 0.028829
198 174 0.027940
198 175 0.027036
198 176 0.026116
198 177 0.025183
198 178 0.024235
198 179 0.023275
198 180 0.022301
198 181 0.021316
198 182 0.020319
198 183 0.019312
198 184 0.018294
198 185 0.017267
198 186 0.016230
198 187 0.015186
198 188 0.014133
198 189 0.013074
198 190 0.012007
198 191 0.010935
198 192 0.009857
198 193 0.008774
198 194 0.007687
198 195 0.006596
198 196 0.005501
198 197 0.004405
198 198 0.003305
198 199 0.002204
198 200 0.001102
199 101 0.027628
199 102 0.027832
199 103 0.028029
199 104 0.028227
199 105 0.028419
199 106 0.028610
199 107 0.028794
199 108 0.028978
199 109 0.029155
199 110 0.029331
199 111 0.029499
199 112 0.029665
199 113 0.029824
199 114 0.029980
199 115 0.030127
199 116 0.030272
199 117 0.030407
199 118 0.030539
199 119 0.030661
199 120 0.030779
199 121 0.030886
199 122 0.030988
199 123 0.031079
199 124 0.031165
199 125 0.031239
199 126 0.031306
199 127 0.031361
199 128 0.031408
199 129 0.031442
199 130 0.031468
199 131 0.031481
199 132 0.031484
199 133 0.031473
199 134 0.031452
199 135 0.031416
199 136 0.031370
199 137 0.031308
199 138 0.031235
199 139 0.031146
199 140 0.031045
199 141 0.030928
199 142 0.030798
199 143 0.030651
199 144 0.030491
199 145 0.030314
199 146 0.030124
199 147 0.029916
199 148 0.029694
199 149 0.029455
199 150 0.029202
199 151 0.028931
199 152 0.028646
199 153 0.028344
199 154 0.028027
199 155 0.027693
199 156 0.027346
199 157 0.026980
199 158 0.026602
199 159 0.026206
199 160 0.025797
199 161 0.025371
199 162 0.024932
199 163 0.024477
199 164 0.024010
199 165 0.023527
199 166 0.023033
199 167 0.022523
199 168 0.022002
199 169 0.021467
199 170 0.020921
199 171 0.020361
199 172 0.019792
199 173 0.019210
199 174 0.018618
199 175 0.018015
199 176 0.017403
199 177 0.016781
199 178 0.016150
199 179 0.015509
199 180 0.014861
199 181 0.014204
199 182 0.013540
199 183 0.012869
199 184 0.012191
199 185 0.011506
199 186 0.010816
199 187 0.010119
199 188 0.009418
199 189 0.008712
199 190 0.008002
199 191 0.007287
199 192 0.006569
199 193 0.005847
199 194 0.005123
199 195 0.004395
199 196 0.003666
199 197 0.002935
199 198 0.002203
199 199 0.001469
199 200 0.000735
200 101 0.013814
200 102 0.013914
200 103 0.014015
200 104 0.014112
200 105 0.014209
200 106 0.014303
200 107 0.014397
200 108 0.014487
200 109 0.014577
200 110 0.014663
200 111 0.014749
200 112 0.014831
200 113 0.014911
200 114 0.014988
200 115 0.015063
200 116 0.015133
200 117 0.015203
200 118 0.015267
200 119 0.015329
200 120 0.015387
200 121 0.015442
200 122 0.015491
200 123 0.015538
200 124 0.015579
200 125 0.015618
200 126 0.015650
200 127 0.015678
200 128 0.015701
200 129 0.015719
200 130 0.015731
200 131 0.015738
200 132 0.015738
200 133 0.015734
200 134 0.015722
200 135 0.015706
200 136 0.015681
200 137 0.015651
200 138 0.015614
200 139 0.015570
200 140 0.015518
200 141 0.015461
200 142 0.015395
200 143 0.015322
200 144 0.015241
200 145 0.015154
200 146 0.015057
200 147 0.014954
200 148 0.014843
200 149 0.014724
200 150 0.014596
200 151 0.014462
200 152 0.014319
200 153 0.014168
200 154 0.014009
200 155 0.013843
200 156 0.013668
200 157 0.013487
200 158 0.013297
200 159 0.013100
200 160 0.012894
200 161 0.012682
200 162 0.012462
200 163 0.012236
200 164 0.012001
200 165 0.011761
200 166 0.011513
200 167 0.011259
200 168 0.010997
200 169 0.010731
200 170 0.010457
200 171 0.010178
200 172 0.009893
200 173 0.009603
200 174 0.009306
200 175 0.009005
200 176 0.008699
200 177 0.008388
200 178 0.008072
200 179 0.007753
200 180 0.007428
200 181 0.007100
200 182 0.006768
200 183 0.006433
200 184 0.006094
200 185 0.005752
200 186 0.005406
200 187 0.005059
200 188 0.004708
200 189 0.004355
200 190 0.004000
200 191 0.003643
200 192 0.003283
200 193 0.002923
200 194 0.002561
200 195 0.002197
200 196 0.001833
200 197 0.001467
200 198 0.001101
200 199 0.000734
200 200 0.000367
