151 1 0.008815
151 2 0.017629
151 3 0.026437
151 4 0.035243
151 5 0.044035
151 6 0.052824
151 7 0.061593
151 8 0.070357
151 9 0.079094
151 10 0.087826
151 11 0.096524
151 12 0.105215
151 13 0.113866
151 14 0.122508
151 15 0.131104
151 16 0.139690
151 17 0.148224
151 18 0.156746
151 19 0.165210
151 20 0.173660
151 21 0.182047
151 22 0.190419
151 23 0.198721
151 24 0.207007
151 25 0.215218
151 26 0.223412
151 27 0.231525
151 28 0.239621
151 29 0.247630
151 30 0.255621
151 31 0.263521
151 32 0.271402
151 33 0.279187
151 34 0.286954
151 35 0.294620
151 36 0.302268
151 37 0.309810
151 38 0.317336
151 39 0.324752
151 40 0.332153
151 41 0.339441
151 42 0.346714
151 43 0.353872
151 44 0.361017
151 45 0.368044
151 46 0.375060
151 47 0.381958
151 48 0.388846
151 49 0.395614
151 50 0.402376
151 51 0.409017
151 52 0.415656
151 53 0.422174
151 54 0.428692
151 55 0.435091
151 56 0.441494
151 57 0.447778
151 58 0.454072
151 59 0.460248
151 60 0.466438
151 61 0.472514
151 62 0.478608
151 63 0.484590
151 64 0.490596
151 65 0.496494
151 66 0.502421
151 67 0.508243
151 68 0.514101
151 69 0.519857
151 70 0.525655
151 71 0.531356
151 72 0.537106
151 73 0.542762
151 74 0.548474
151 75 0.554097
151 76 0.559782
151 77 0.565383
151 78 0.571053
151 79 0.576644
151 80 0.582309
151 81 0.587902
151 82 0.593575
151 83 0.599181
151 84 0.604873
151 85 0.610503
151 86 0.616226
151 87 0.621892
151 88 0.627657
151 89 0.633370
151 90 0.639187
151 91 0.644958
151 92 0.650838
151 93 0.656676
151 94 0.662629
151 95 0.668545
151 96 0.674580
151 97 0.680582
151 98 0.686707
151 99 0.692804
151 100 0.699027
152 1 0.008610
152 2 0.017217
152 3 0.025823
152 4 0.034418
152 5 0.043012
152 6 0.051589
152 7 0.060162
152 8 0.068712
152 9 0.077258
152 10 0.085774
152 11 0.094284
152 12 0.102758
152 13 0.111225
152 14 0.119650
152 15 0.128066
152 16 0.136434
152 17 0.144792
152 18 0.153096
152 19 0.161388
152 20 0.169621
152 21 0.177841
152 22 0.185996
152 23 0.194137
152 24 0.202207
152 25 0.210262
152 26 0.218240
152 27 0.226204
152 28 0.234085
152 29 0.241951
152 30 0.249729
152 31 0.257492
152 32 0.265162
152 33 0.272816
152 34 0.280374
152 35 0.287916
152 36 0.295358
152 37 0.302784
152 38 0.310106
152 39 0.317413
152 40 0.324612
152 41 0.331798
152 42 0.338873
152 43 0.345936
152 44 0.352886
152 45 0.359826
152 46 0.366651
152 47 0.373468
152 48 0.380168
152 49 0.386863
152 50 0.393441
152 51 0.400016
152 52 0.406474
152 53 0.412932
152 54 0.419274
152 55 0.425620
152 56 0.431849
152 57 0.438087
152 58 0.444210
152 59 0.450345
152 60 0.456368
152 61 0.462408
152 62 0.468337
152 63 0.474289
152 64 0.480132
152 65 0.486004
152 66 0.491770
152 67 0.497570
152 68 0.503268
152 69 0.509006
152 70 0.514646
152 71 0.520332
152 72 0.525923
152 73 0.531567
152 74 0.537120
152 75 0.542731
152 76 0.548258
152 77 0.553848
152 78 0.559358
152 79 0.564938
152 80 0.570443
152 81 0.576023
152 82 0.581534
152 83 0.587126
152 84 0.592652
152 85 0.598267
152 86 0.603820
152 87 0.609467
152 88 0.615059
152 89 0.620749
152 90 0.626388
152 91 0.632130
152 92 0.637827
152 93 0.643631
152 94 0.649394
152 95 0.655269
152 96 0.661107
152 97 0.667060
152 98 0.672980
152 99 0.679019
152 100 0.685028
153 1 0.008406
153 2 0.016811
153 3 0.025210
153 4 0.033607
153 5 0.041992
153 6 0.050373
153 7 0.058736
153 8 0.067094
153 9 0.075427
153 10 0.083755
153 11 0.092051
153 12 0.100341
153 13 0.108593
153 14 0.116837
153 15 0.125038
153 16 0.133229
153 17 0.141372
153 18 0.149504
153 19 0.157580
153 20 0.165646
153 21 0.173650
153 22 0.181643
153 23 0.189569
153 24 0.197482
153 25 0.205322
153 26 0.213150
153 27 0.220900
153 28 0.228636
153 29 0.236289
153 30 0.243928
153 31 0.251480
153 32 0.259018
153 33 0.266463
153 34 0.273895
153 35 0.281231
153 36 0.288552
153 37 0.295774
153 38 0.302983
153 39 0.310089
153 40 0.317182
153 41 0.324170
153 42 0.331146
153 43 0.338014
153 44 0.344872
153 45 0.351619
153 46 0.358359
153 47 0.364987
153 48 0.371610
153 49 0.378119
153 50 0.384626
153 51 0.391019
153 52 0.397412
153 53 0.403692
153 54 0.409975
153 55 0.416145
153 56 0.422322
153 57 0.428387
153 58 0.434464
153 59 0.440430
153 60 0.446412
153 61 0.452284
153 62 0.458178
153 63 0.463965
153 64 0.469777
153 65 0.475486
153 66 0.481225
153 67 0.486864
153 68 0.492539
153 69 0.498116
153 70 0.503736
153 71 0.509262
153 72 0.514836
153 73 0.520319
153 74 0.525857
153 75 0.531308
153 76 0.536820
153 77 0.542249
153 78 0.547745
153 79 0.553163
153 80 0.558652
153 81 0.564069
153 82 0.569563
153 83 0.574989
153 84 0.580498
153 85 0.585943
153 86 0.591476
153 87 0.596950
153 88 0.602517
153 89 0.608030
153 90 0.613640
153 91 0.619201
153 92 0.624863
153 93 0.630480
153 94 0.636202
153 95 0.641883
153 96 0.647673
153 97 0.653425
153 98 0.659288
153 99 0.665117
153 100 0.671061
154 1 0.008205
154 2 0.016407
154 3 0.024607
154 4 0.032799
154 5 0.040988
154 6 0.049162
154 7 0.057332
154 8 0.065481
154 9 0.073626
154 10 0.081742
154 11 0.089854
154 12 0.097931
154 13 0.106002
154 14 0.114034
154 15 0.122057
154 16 0.130035
154 17 0.138005
154 18 0.145923
154 19 0.153832
154 20 0.161683
154 21 0.169525
154 22 0.177304
154 23 0.185071
154 24 0.192771
154 25 0.200459
154 26 0.208074
154 27 0.215677
154 28 0.223202
154 29 0.230714
154 30 0.238143
154 31 0.245560
154 32 0.252889
154 33 0.260206
154 34 0.267431
154 35 0.274644
154 36 0.281762
154 37 0.288868
154 38 0.295876
154 39 0.302872
154 40 0.309766
154 41 0.316651
154 42 0.323431
154 43 0.330203
154 44 0.336868
154 45 0.343527
154 46 0.350077
154 47 0.356622
154 48 0.363058
154 49 0.369491
154 50 0.375814
154 51 0.382138
154 52 0.388351
154 53 0.394567
154 54 0.400673
154 55 0.406786
154 56 0.412789
154 57 0.418803
154 58 0.424708
154 59 0.430628
154 60 0.436440
154 61 0.442272
154 62 0.447999
154 63 0.453749
154 64 0.459397
154 65 0.465074
154 66 0.470650
154 67 0.476260
154 68 0.481773
154 69 0.487326
154 70 0.492784
154 71 0.498287
154 72 0.503700
154 73 0.509163
154 74 0.514540
154 75 0.519972
154 76 0.525322
154 77 0.530733
154 78 0.536066
154 79 0.541466
154 80 0.546791
154 81 0.552189
154 82 0.557517
154 83 0.562922
154 84 0.568261
154 85 0.573684
154 86 0.579044
154 87 0.584492
154 88 0.589883
154 89 0.595366
154 90 0.600796
154 91 0.606322
154 92 0.611798
154 93 0.617375
154 94 0.622906
154 95 0.628539
154 96 0.634131
154 97 0.639828
154 98 0.645486
154 99 0.651252
154 100 0.656981
155 1 0.008005
155 2 0.016009
155 3 0.024007
155 4 0.032003
155 5 0.039988
155 6 0.047969
155 7 0.055933
155 8 0.063893
155 9 0.071830
155 10 0.079761
155 11 0.087663
155 12 0.095559
155 13 0.103419
155 14 0.111273
155 15 0.119086
155 16 0.126890
155 17 0.134648
155 18 0.142397
155 19 0.150094
155 20 0.157782
155 21 0.165411
155 22 0.173030
155 23 0.180587
155 24 0.188132
155 25 0.195609
155 26 0.203075
155 27 0.210468
155 28 0.217849
155 29 0.225153
155 30 0.232445
155 31 0.239654
155 32 0.246852
155 33 0.253963
155 34 0.261063
155 35 0.268072
155 36 0.275071
155 37 0.281976
155 38 0.288870
155 39 0.295667
155 40 0.302456
155 41 0.309144
155 42 0.315824
155 43 0.322402
155 44 0.328974
155 45 0.335442
155 46 0.341905
155 47 0.348263
155 48 0.354618
155 49 0.360867
155 50 0.367116
155 51 0.373258
155 52 0.379403
155 53 0.385440
155 54 0.391484
155 55 0.397421
155 56 0.403367
155 57 0.409208
155 58 0.415062
155 59 0.420811
155 60 0.426578
155 61 0.432241
155 62 0.437927
155 63 0.443510
155 64 0.449121
155 65 0.454633
155 66 0.460176
155 67 0.465623
155 68 0.471106
155 69 0.476495
155 70 0.481927
155 71 0.487268
155 72 0.492656
155 73 0.497957
155 74 0.503310
155 75 0.508580
155 76 0.513908
155 77 0.519156
155 78 0.524467
155 79 0.529702
155 80 0.535005
155 81 0.540236
155 82 0.545541
155 83 0.550777
155 84 0.556092
155 85 0.561342
155 86 0.566675
155 87 0.571948
155 88 0.577308
155 89 0.582612
155 90 0.588006
155 91 0.593348
155 92 0.598785
155 93 0.604172
155 94 0.609656
155 95 0.615095
155 96 0.620633
155 97 0.626129
155 98 0.631726
155 99 0.637282
155 100 0.642941
156 1 0.007807
156 2 0.015612
156 3 0.023415
156 4 0.031210
156 5 0.039002
156 6 0.046780
156 7 0.054555
156 8 0.062310
156 9 0.070061
156 10 0.077786
156 11 0.085506
156 12 0.093194
156 13 0.100876
156 14 0.108521
156 15 0.116159
156 16 0.123754
156 17 0.131342
156 18 0.138882
156 19 0.146413
156 20 0.153890
156 21 0.161359
156 22 0.168769
156 23 0.176169
156 24 0.183505
156 25 0.190832
156 26 0.198089
156 27 0.205336
156 28 0.212510
156 29 0.219674
156 30 0.226759
156 31 0.233834
156 32 0.240827
156 33 0.247810
156 34 0.254707
156 35 0.261594
156 36 0.268392
156 37 0.275180
156 38 0.281876
156 39 0.288563
156 40 0.295155
156 41 0.301740
156 42 0.308226
156 43 0.314707
156 44 0.321088
156 45 0.327465
156 46 0.333739
156 47 0.340012
156 48 0.346182
156 49 0.352352
156 50 0.358418
156 51 0.364487
156 52 0.370452
156 53 0.376423
156 54 0.382289
156 55 0.388165
156 56 0.393937
156 57 0.399721
156 58 0.405403
156 59 0.411101
156 60 0.416698
156 61 0.422315
156 62 0.427832
156 63 0.433375
156 64 0.438819
156 65 0.444293
156 66 0.449671
156 67 0.455083
156 68 0.460402
156 69 0.465761
156 70 0.471028
156 71 0.476341
156 72 0.481565
156 73 0.486839
156 74 0.492029
156 75 0.497273
156 76 0.502437
156 77 0.507660
156 78 0.512805
156 79 0.518015
156 80 0.523152
156 81 0.528357
156 82 0.533493
156 83 0.538702
156 84 0.543845
156 85 0.549066
156 86 0.554225
156 87 0.559465
156 88 0.564648
156 89 0.569915
156 90 0.575127
156 91 0.580429
156 92 0.585678
156 93 0.591019
156 94 0.596312
156 95 0.601698
156 96 0.607038
156 97 0.612474
156 98 0.617865
156 99 0.623354
156 100 0.628800
157 1 0.007611
157 2 0.015221
157 3 0.022825
157 4 0.030428
157 5 0.038020
157 6 0.045609
157 7 0.053181
157 8 0.060751
157 9 0.068297
157 10 0.075840
157 11 0.083354
157 12 0.090864
157 13 0.098339
157 14 0.105809
157 15 0.113240
157 16 0.120665
157 17 0.128045
157 18 0.135418
157 19 0.142741
157 20 0.150057
157 21 0.157317
157 22 0.164570
157 23 0.171762
157 24 0.178946
157 25 0.186065
157 26 0.193175
157 27 0.200216
157 28 0.207248
157 29 0.214206
157 30 0.221155
157 31 0.228027
157 32 0.234889
157 33 0.241669
157 34 0.248441
157 35 0.255128
157 36 0.261806
157 37 0.268396
157 38 0.274978
157 39 0.281469
157 40 0.287954
157 41 0.294344
157 42 0.300730
157 43 0.307019
157 44 0.313305
157 45 0.319492
157 46 0.325678
157 47 0.331765
157 48 0.337851
157 49 0.343838
157 50 0.349827
157 51 0.355715
157 52 0.361608
157 53 0.367400
157 54 0.373201
157 55 0.378901
157 56 0.384612
157 57 0.390223
157 58 0.395849
157 59 0.401376
157 60 0.406922
157 61 0.412369
157 62 0.417840
157 63 0.423215
157 64 0.428617
157 65 0.433924
157 66 0.439263
157 67 0.444510
157 68 0.449793
157 69 0.454987
157 70 0.460222
157 71 0.465369
157 72 0.470563
157 73 0.475673
157 74 0.480833
157 75 0.485913
157 76 0.491047
157 77 0.496105
157 78 0.501222
157 79 0.506265
157 80 0.511373
157 81 0.516410
157 82 0.521515
157 83 0.526554
157 84 0.531665
157 85 0.536713
157 86 0.541838
157 87 0.546902
157 88 0.552047
157 89 0.557134
157 90 0.562305
157 91 0.567422
157 92 0.572625
157 93 0.577777
157 94 0.583018
157 95 0.588209
157 96 0.593491
157 97 0.598725
157 98 0.604052
157 99 0.609332
157 100 0.614705
158 1 0.007417
158 2 0.014831
158 3 0.022244
158 4 0.029648
158 5 0.037051
158 6 0.044441
158 7 0.051828
158 8 0.059195
158 9 0.066559
158 10 0.073899
158 11 0.081234
158 12 0.088539
158 13 0.095840
158 14 0.103105
158 15 0.110364
158 16 0.117583
158 17 0.124796
158 18 0.131963
158 19 0.139123
158 20 0.146232
158 21 0.153334
158 22 0.160380
158 23 0.167419
158 24 0.174397
158 25 0.181367
158 26 0.188272
158 27 0.195169
158 28 0.201997
158 29 0.208816
158 30 0.215562
158 31 0.222300
158 32 0.228961
158 33 0.235613
158 34 0.242185
158 35 0.248749
158 36 0.255230
158 37 0.261703
158 38 0.268089
158 39 0.274470
158 40 0.280760
158 41 0.287046
158 42 0.293240
158 43 0.299430
158 44 0.305526
158 45 0.311621
158 46 0.317620
158 47 0.323619
158 48 0.329521
158 49 0.335427
158 50 0.341233
158 51 0.347046
158 52 0.352760
158 53 0.358482
158 54 0.364105
158 55 0.369740
158 56 0.375276
158 57 0.380827
158 58 0.386281
158 59 0.391752
158 60 0.397127
158 61 0.402524
158 62 0.407825
158 63 0.413153
158 64 0.418387
158 65 0.423651
158 66 0.428824
158 67 0.434031
158 68 0.439148
158 69 0.444305
158 70 0.449374
158 71 0.454487
158 72 0.459516
158 73 0.464592
158 74 0.469587
158 75 0.474634
158 76 0.479603
158 77 0.484629
158 78 0.489579
158 79 0.494590
158 80 0.499530
158 81 0.504534
158 82 0.509470
158 83 0.514475
158 84 0.519414
158 85 0.524426
158 86 0.529375
158 87 0.534401
158 88 0.539367
158 89 0.544412
158 90 0.549401
158 91 0.554471
158 92 0.559487
158 93 0.564588
158 94 0.569637
158 95 0.574771
158 96 0.579856
158 97 0.585027
158 98 0.590149
158 99 0.595359
158 100 0.600521
159 1 0.007223
159 2 0.014446
159 3 0.021664
159 4 0.028880
159 5 0.036086
159 6 0.043289
159 7 0.050477
159 8 0.057662
159 9 0.064825
159 10 0.071986
159 11 0.079119
159 12 0.086249
159 13 0.093346
159 14 0.100439
159 15 0.107495
159 16 0.114545
159 17 0.121554
159 18 0.128557
159 19 0.135512
159 20 0.142462
159 21 0.149359
159 22 0.156250
159 23 0.163084
159 24 0.169912
159 25 0.176678
159 26 0.183437
159 27 0.190132
159 28 0.196818
159 29 0.203436
159 30 0.210046
159 31 0.216583
159 32 0.223113
159 33 0.229567
159 34 0.236013
159 35 0.242380
159 36 0.248741
159 37 0.255018
159 38 0.261291
159 39 0.267477
159 40 0.273660
159 41 0.279754
159 42 0.285845
159 43 0.291846
159 44 0.297845
159 45 0.303752
159 46 0.309660
159 47 0.315475
159 48 0.321292
159 49 0.327014
159 50 0.332741
159 51 0.338373
159 52 0.344012
159 53 0.349556
159 54 0.355110
159 55 0.360569
159 56 0.366041
159 57 0.371418
159 58 0.376811
159 59 0.382111
159 60 0.387431
159 61 0.392657
159 62 0.397907
159 63 0.403066
159 64 0.408253
159 65 0.413349
159 66 0.418477
159 67 0.423518
159 68 0.428594
159 69 0.433584
159 70 0.438615
159 71 0.443562
159 72 0.448553
159 73 0.453464
159 74 0.458423
159 75 0.463304
159 76 0.468238
159 77 0.473097
159 78 0.478013
159 79 0.482856
159 80 0.487760
159 81 0.492595
159 82 0.497495
159 83 0.502328
159 84 0.507229
159 85 0.512067
159 86 0.516976
159 87 0.521824
159 88 0.526748
159 89 0.531612
159 90 0.536554
159 91 0.541440
159 92 0.546406
159 93 0.551317
159 94 0.556310
159 95 0.561250
159 96 0.566273
159 97 0.571244
159 98 0.576298
159 99 0.581302
159 100 0.586388
160 1 0.007033
160 2 0.014063
160 3 0.021092
160 4 0.028113
160 5 0.035134
160 6 0.042141
160 7 0.049145
160 8 0.056132
160 9 0.063116
160 10 0.070077
160 11 0.077034
160 12 0.083963
160 13 0.090888
160 14 0.097779
160 15 0.104666
160 16 0.111514
160 17 0.118357
160 18 0.125157
160 19 0.131952
160 20 0.138699
160 21 0.145439
160 22 0.152128
160 23 0.158810
160 24 0.165435
160 25 0.172054
160 26 0.178611
160 27 0.185162
160 28 0.191648
160 29 0.198128
160 30 0.204538
160 31 0.210943
160 32 0.217274
160 33 0.223600
160 34 0.229850
160 35 0.236094
160 36 0.242259
160 37 0.248420
160 38 0.254499
160 39 0.260574
160 40 0.266564
160 41 0.272553
160 42 0.278454
160 43 0.284355
160 44 0.290166
160 45 0.295979
160 46 0.301701
160 47 0.307426
160 48 0.313060
160 49 0.318698
160 50 0.324244
160 51 0.329797
160 52 0.335258
160 53 0.340728
160 54 0.346105
160 55 0.351495
160 56 0.356792
160 57 0.362106
160 58 0.367326
160 59 0.372566
160 60 0.377714
160 61 0.382885
160 62 0.387966
160 63 0.393073
160 64 0.398091
160 65 0.403139
160 66 0.408100
160 67 0.413095
160 68 0.418004
160 69 0.422951
160 70 0.427816
160 71 0.432722
160 72 0.437547
160 73 0.442418
160 74 0.447211
160 75 0.452054
160 76 0.456821
160 77 0.461642
160 78 0.466390
160 79 0.471195
160 80 0.475931
160 81 0.480727
160 82 0.485456
160 83 0.490249
160 84 0.494977
160 85 0.499773
160 86 0.504507
160 87 0.509311
160 88 0.514055
160 89 0.518873
160 90 0.523633
160 91 0.528468
160 92 0.533246
160 93 0.538103
160 94 0.542904
160 95 0.547784
160 96 0.552610
160 97 0.557515
160 98 0.562367
160 99 0.567298
160 100 0.572175
161 1 0.006842
161 2 0.013684
161 3 0.020521
161 4 0.027357
161 5 0.034183
161 6 0.041008
161 7 0.047817
161 8 0.054624
161 9 0.061410
161 10 0.068194
161 11 0.074953
161 12 0.081709
161 13 0.088434
161 14 0.095155
161 15 0.101842
161 16 0.108524
161 17 0.115167
161 18 0.121805
161 19 0.128399
161 20 0.134987
161 21 0.141527
161 22 0.148061
161 23 0.154543
161 24 0.161018
161 25 0.167437
161 26 0.173850
161 27 0.180201
161 28 0.186547
161 29 0.192828
161 30 0.199103
161 31 0.205310
161 32 0.211511
161 33 0.217640
161 34 0.223765
161 35 0.229814
161 36 0.235860
161 37 0.241827
161 38 0.247792
161 39 0.253675
161 40 0.259557
161 41 0.265355
161 42 0.271153
161 43 0.276865
161 44 0.282579
161 45 0.288206
161 46 0.293835
161 47 0.299376
161 48 0.304922
161 49 0.310379
161 50 0.315842
161 51 0.321216
161 52 0.326599
161 53 0.331891
161 54 0.337196
161 55 0.342410
161 56 0.347639
161 57 0.352778
161 58 0.357935
161 59 0.363003
161 60 0.368092
161 61 0.373092
161 62 0.378117
161 63 0.383054
161 64 0.388020
161 65 0.392900
161 66 0.397811
161 67 0.402638
161 68 0.407501
161 69 0.412282
161 70 0.417101
161 71 0.421841
161 72 0.426623
161 73 0.431328
161 74 0.436079
161 75 0.440755
161 76 0.445482
161 77 0.450135
161 78 0.454842
161 79 0.459479
161 80 0.464173
161 81 0.468799
161 82 0.473485
161 83 0.478107
161 84 0.482792
161 85 0.487413
161 86 0.492102
161 87 0.496729
161 88 0.501425
161 89 0.506062
161 90 0.510770
161 91 0.515421
161 92 0.520145
161 93 0.524813
161 94 0.529555
161 95 0.534242
161 96 0.539003
161 97 0.543710
161 98 0.548492
161 99 0.553218
161 100 0.558019
162 1 0.006655
162 2 0.013307
162 3 0.019959
162 4 0.026603
162 5 0.033246
162 6 0.039877
162 7 0.046506
162 8 0.053118
162 9 0.059728
162 10 0.066315
162 11 0.072900
162 12 0.079458
162 13 0.086013
162 14 0.092537
162 15 0.099056
162 16 0.105540
162 17 0.112019
162 18 0.118458
162 19 0.124892
162 20 0.131282
162 21 0.137666
162 22 0.144001
162 23 0.150332
162 24 0.156609
162 25 0.162880
162 26 0.169095
162 27 0.175304
162 28 0.181452
162 29 0.187596
162 30 0.193674
162 31 0.199749
162 32 0.205754
162 33 0.211756
162 34 0.217686
162 35 0.223613
162 36 0.229466
162 37 0.235316
162 38 0.241089
162 39 0.246860
162 40 0.252552
162 41 0.258243
162 42 0.263853
162 43 0.269464
162 44 0.274992
162 45 0.280522
162 46 0.285967
162 47 0.291417
162 48 0.296781
162 49 0.302151
162 50 0.307434
162 51 0.312727
162 52 0.317931
162 53 0.323147
162 54 0.328275
162 55 0.333417
162 56 0.338472
162 57 0.343543
162 58 0.348527
162 59 0.353531
162 60 0.358449
162 61 0.363389
162 62 0.368244
162 63 0.373125
162 64 0.377921
162 65 0.382748
162 66 0.387491
162 67 0.392268
162 68 0.396963
162 69 0.401696
162 70 0.406348
162 71 0.411042
162 72 0.415657
162 73 0.420317
162 74 0.424901
162 75 0.429533
162 76 0.434092
162 77 0.438702
162 78 0.443241
162 79 0.447834
162 80 0.452358
162 81 0.456940
162 82 0.461456
162 83 0.466032
162 84 0.470544
162 85 0.475118
162 86 0.479631
162 87 0.484209
162 88 0.488727
162 89 0.493312
162 90 0.497839
162 91 0.502435
162 92 0.506973
162 93 0.511582
162 94 0.516134
162 95 0.520757
162 96 0.525325
162 97 0.529963
162 98 0.534545
162 99 0.539197
162 100 0.543792
163 1 0.006467
163 2 0.012935
163 3 0.019397
163 4 0.025859
163 5 0.032311
163 6 0.038761
163 7 0.045198
163 8 0.051632
163 9 0.058048
163 10 0.064461
163 11 0.070851
163 12 0.077238
163 13 0.083597
163 14 0.089952
163 15 0.096275
163 16 0.102595
163 17 0.108877
163 18 0.115155
163 19 0.121392
163 20 0.127624
163 21 0.133811
163 22 0.139994
163 23 0.146127
163 24 0.152255
163 25 0.158330
163 26 0.164401
163 27 0.170414
163 28 0.176422
163 29 0.182370
163 30 0.188314
163 31 0.194193
163 32 0.200069
163 33 0.205877
163 34 0.211682
163 35 0.217417
163 36 0.223149
163 37 0.228808
163 38 0.234466
163 39 0.240048
163 40 0.245630
163 41 0.251133
163 42 0.256638
163 43 0.262063
163 44 0.267491
163 45 0.272837
163 46 0.278187
163 47 0.283454
163 48 0.288728
163 49 0.293918
163 50 0.299116
163 51 0.304229
163 52 0.309353
163 53 0.314393
163 54 0.319445
163 55 0.324412
163 56 0.329394
163 57 0.334292
163 58 0.339209
163 59 0.344040
163 60 0.348894
163 61 0.353664
163 62 0.358458
163 63 0.363170
163 64 0.367909
163 65 0.372567
163 66 0.377256
163 67 0.381865
163 68 0.386509
163 69 0.391074
163 70 0.395677
163 71 0.400203
163 72 0.404770
163 73 0.409263
163 74 0.413800
163 75 0.418265
163 76 0.422777
163 77 0.427219
163 78 0.431712
163 79 0.436136
163 80 0.440614
163 81 0.445026
163 82 0.449494
163 83 0.453898
163 84 0.458361
163 85 0.462762
163 86 0.467225
163 87 0.471626
163 88 0.476091
163 89 0.480497
163 90 0.484968
163 91 0.489381
163 92 0.493861
163 93 0.498283
163 94 0.502772
163 95 0.507205
163 96 0.511705
163 97 0.516147
163 98 0.520657
163 99 0.525109
163 100 0.529626
164 1 0.006283
164 2 0.012563
164 3 0.018843
164 4 0.025115
164 5 0.031387
164 6 0.037647
164 7 0.043906
164 8 0.050149
164 9 0.056390
164 10 0.062610
164 11 0.068828
164 12 0.075021
164 13 0.081212
164 14 0.087372
164 15 0.093530
164 16 0.099654
164 17 0.105774
164 18 0.111857
164 19 0.117936
164 20 0.123972
164 21 0.130005
164 22 0.135992
164 23 0.141975
164 24 0.147908
164 25 0.153837
164 26 0.159712
164 27 0.165583
164 28 0.171398
164 29 0.177208
164 30 0.182958
164 31 0.188705
164 32 0.194388
164 33 0.200069
164 34 0.205682
164 35 0.211294
164 36 0.216836
164 37 0.222377
164 38 0.227846
164 39 0.233314
164 40 0.238709
164 41 0.244104
164 42 0.249423
164 43 0.254745
164 44 0.259988
164 45 0.265236
164 46 0.270403
164 47 0.275577
164 48 0.280670
164 49 0.285771
164 50 0.290790
164 51 0.295819
164 52 0.300766
164 53 0.305725
164 54 0.310602
164 55 0.315493
164 56 0.320302
164 57 0.325128
164 58 0.329872
164 59 0.334636
164 60 0.339319
164 61 0.344024
164 62 0.348648
164 63 0.353299
164 64 0.357870
164 65 0.362469
164 66 0.366991
164 67 0.371544
164 68 0.376020
164 69 0.380532
164 70 0.384968
164 71 0.389442
164 72 0.393843
164 73 0.398285
164 74 0.402656
164 75 0.407071
164 76 0.411416
164 77 0.415809
164 78 0.420133
164 79 0.424508
164 80 0.428817
164 81 0.433179
164 82 0.437477
164 83 0.441831
164 84 0.446121
164 85 0.450470
164 86 0.454758
164 87 0.459106
164 88 0.463394
164 89 0.467744
164 90 0.472035
164 91 0.476389
164 92 0.480684
164 93 0.485044
164 94 0.489346
164 95 0.493712
164 96 0.498020
164 97 0.502392
164 98 0.506706
164 99 0.511081
164 100 0.515398
165 1 0.006098
165 2 0.012196
165 3 0.018289
165 4 0.024382
165 5 0.030465
165 6 0.036548
165 7 0.042617
165 8 0.048685
165 9 0.054735
165 10 0.060783
165 11 0.066809
165 12 0.072832
165 13 0.078830
165 14 0.084824
165 15 0.090788
165 16 0.096750
165 17 0.102676
165 18 0.108599
165 19 0.114484
165 20 0.120365
165 21 0.126204
165 22 0.132039
165 23 0.137828
165 24 0.143613
165 25 0.149348
165 26 0.155080
165 27 0.160758
165 28 0.166433
165 29 0.172051
165 30 0.177666
165 31 0.183221
165 32 0.188774
165 33 0.194264
165 34 0.199752
165 35 0.205174
165 36 0.210595
165 37 0.215947
165 38 0.221300
165 39 0.226582
165 40 0.231865
165 41 0.237075
165 42 0.242287
165 43 0.247425
165 44 0.252566
165 45 0.257631
165 46 0.262702
165 47 0.267695
165 48 0.272695
165 49 0.277617
165 50 0.282548
165 51 0.287400
165 52 0.292263
165 53 0.297047
165 54 0.301844
165 55 0.306561
165 56 0.311294
165 57 0.315948
165 58 0.320620
165 59 0.325213
165 60 0.329827
165 61 0.334362
165 62 0.338922
165 63 0.343403
165 64 0.347912
165 65 0.352344
165 66 0.356806
165 67 0.361191
165 68 0.365611
165 69 0.369955
165 70 0.374336
165 71 0.378644
165 72 0.382991
165 73 0.387267
165 74 0.391585
165 75 0.395833
165 76 0.400126
165 77 0.404351
165 78 0.408624
165 79 0.412831
165 80 0.417088
165 81 0.421281
165 82 0.425526
165 83 0.429709
165 84 0.433946
165 85 0.438122
165 86 0.442355
165 87 0.446527
165 88 0.450758
165 89 0.454930
165 90 0.459162
165 91 0.463335
165 92 0.467568
165 93 0.471744
165 94 0.475980
165 95 0.480158
165 96 0.484397
165 97 0.488576
165 98 0.492816
165 99 0.496995
165 100 0.501232
166 1 0.005916
166 2 0.011829
166 3 0.017742
166 4 0.023649
166 5 0.029555
166 6 0.035450
166 7 0.041343
166 8 0.047222
166 9 0.053100
166 10 0.058958
166 11 0.064814
166 12 0.070646
166 13 0.076477
166 14 0.082280
166 15 0.088080
166 16 0.093849
166 17 0.099615
166 18 0.105346
166 19 0.111074
166 20 0.116762
166 21 0.122448
166 22 0.128090
166 23 0.133730
166 24 0.139322
166 25 0.144912
166 26 0.150452
166 27 0.155989
166 28 0.161473
166 29 0.166954
166 30 0.172378
166 31 0.177801
166 32 0.183164
166 33 0.188525
166 34 0.193824
166 35 0.199123
166 36 0.204356
166 37 0.209590
166 38 0.214756
166 39 0.219923
166 40 0.225021
166 41 0.230121
166 42 0.235150
166 43 0.240182
166 44 0.245141
166 45 0.250106
166 46 0.254996
166 47 0.259893
166 48 0.264714
166 49 0.269544
166 50 0.274298
166 51 0.279062
166 52 0.283750
166 53 0.288450
166 54 0.293073
166 55 0.297711
166 56 0.302271
166 57 0.306849
166 58 0.311350
166 59 0.315871
166 60 0.320314
166 61 0.324781
166 62 0.329172
166 63 0.333588
166 64 0.337928
166 65 0.342297
166 66 0.346591
166 67 0.350917
166 68 0.355169
166 69 0.359455
166 70 0.363669
166 71 0.367921
166 72 0.372101
166 73 0.376321
166 74 0.380473
166 75 0.384666
166 76 0.388792
166 77 0.392964
166 78 0.397069
166 79 0.401222
166 80 0.405310
166 81 0.409449
166 82 0.413524
166 83 0.417652
166 84 0.421717
166 85 0.425837
166 86 0.429896
166 87 0.434011
166 88 0.438066
166 89 0.442178
166 90 0.446231
166 91 0.450342
166 92 0.454394
166 93 0.458504
166 94 0.462556
166 95 0.466665
166 96 0.470715
166 97 0.474822
166 98 0.478870
166 99 0.482972
166 100 0.487013
167 1 0.005734
167 2 0.011467
167 3 0.017196
167 4 0.022925
167 5 0.028645
167 6 0.034365
167 7 0.040072
167 8 0.045777
167 9 0.051467
167 10 0.057154
167 11 0.062821
167 12 0.068486
167 13 0.074127
167 14 0.079765
167 15 0.085375
167 16 0.090983
167 17 0.096558
167 18 0.102131
167 19 0.107667
167 20 0.113202
167 21 0.118696
167 22 0.124188
167 23 0.129636
167 24 0.135082
167 25 0.140481
167 26 0.145877
167 27 0.151224
167 28 0.156569
167 29 0.161860
167 30 0.167150
167 31 0.172383
167 32 0.177616
167 33 0.182789
167 34 0.187962
167 35 0.193073
167 36 0.198185
167 37 0.203232
167 38 0.208281
167 39 0.213264
167 40 0.218249
167 41 0.223166
167 42 0.228086
167 43 0.232937
167 44 0.237792
167 45 0.242576
167 46 0.247367
167 47 0.252085
167 48 0.256811
167 49 0.261464
167 50 0.266127
167 51 0.270715
167 52 0.275316
167 53 0.279841
167 54 0.284381
167 55 0.288846
167 56 0.293327
167 57 0.297734
167 58 0.302159
167 59 0.306509
167 60 0.310881
167 61 0.315178
167 62 0.319500
167 63 0.323747
167 64 0.328021
167 65 0.332222
167 66 0.336453
167 67 0.340611
167 68 0.344802
167 69 0.348922
167 70 0.353076
167 71 0.357161
167 72 0.361283
167 73 0.365337
167 74 0.369431
167 75 0.373458
167 76 0.377528
167 77 0.381532
167 78 0.385581
167 79 0.389566
167 80 0.393599
167 81 0.397568
167 82 0.401587
167 83 0.405544
167 84 0.409552
167 85 0.413500
167 86 0.417500
167 87 0.421441
167 88 0.425436
167 89 0.429372
167 90 0.433362
167 91 0.437294
167 92 0.441281
167 93 0.445209
167 94 0.449193
167 95 0.453117
167 96 0.457096
167 97 0.461015
167 98 0.464987
167 99 0.468898
167 100 0.472859
168 1 0.005554
168 2 0.011105
168 3 0.016657
168 4 0.022202
168 5 0.027746
168 6 0.033281
168 7 0.038815
168 8 0.044334
168 9 0.049853
168 10 0.055353
168 11 0.060852
168 12 0.066329
168 13 0.071804
168 14 0.077254
168 15 0.082702
168 16 0.088120
168 17 0.093536
168 18 0.098919
168 19 0.104300
168 20 0.109644
168 21 0.114986
168 22 0.120288
168 23 0.125588
168 24 0.130844
168 25 0.136098
168 26 0.141306
168 27 0.146512
168 28 0.151667
168 29 0.156822
168 30 0.161923
168 31 0.167024
168 32 0.172069
168 33 0.177114
168 34 0.182101
168 35 0.187088
168 36 0.192014
168 37 0.196942
168 38 0.201806
168 39 0.206674
168 40 0.211476
168 41 0.216281
168 42 0.221020
168 43 0.225764
168 44 0.230439
168 45 0.235120
168 46 0.239732
168 47 0.244352
168 48 0.248901
168 49 0.253459
168 50 0.257946
168 51 0.262444
168 52 0.266870
168 53 0.271309
168 54 0.275676
168 55 0.280059
168 56 0.284368
168 57 0.288695
168 58 0.292950
168 59 0.297225
168 60 0.301427
168 61 0.305652
168 62 0.309804
168 63 0.313982
168 64 0.318089
168 65 0.322223
168 66 0.326286
168 67 0.330380
168 68 0.334404
168 69 0.338461
168 70 0.342449
168 71 0.346473
168 72 0.350429
168 73 0.354423
168 74 0.358351
168 75 0.362319
168 76 0.366222
168 77 0.370168
168 78 0.374050
168 79 0.377977
168 80 0.381841
168 81 0.385752
168 82 0.389602
168 83 0.393500
168 84 0.397337
168 85 0.401225
168 86 0.405053
168 87 0.408933
168 88 0.412754
168 89 0.416626
168 90 0.420440
168 91 0.424307
168 92 0.428115
168 93 0.431975
168 94 0.435778
168 95 0.439631
168 96 0.443425
168 97 0.447270
168 98 0.451055
168 99 0.454887
168 100 0.458658
169 1 0.005374
169 2 0.010748
169 3 0.016117
169 4 0.021487
169 5 0.026849
169 6 0.032210
169 7 0.037559
169 8 0.042907
169 9 0.048240
169 10 0.053572
169 11 0.058884
169 12 0.064196
169 13 0.069484
169 14 0.074770
169 15 0.080030
169 16 0.085289
169 17 0.090517
169 18 0.095743
169 19 0.100935
169 20 0.106126
169 21 0.111280
169 22 0.116432
169 23 0.121543
169 24 0.126653
169 25 0.131719
169 26 0.136784
169 27 0.141802
169 28 0.146819
169 29 0.151786
169 30 0.156753
169 31 0.161667
169 32 0.166582
169 33 0.171441
169 34 0.176301
169 35 0.181103
169 36 0.185907
169 37 0.190651
169 38 0.195397
169 39 0.200082
169 40 0.204770
169 41 0.209394
169 42 0.214023
169 43 0.218587
169 44 0.223156
169 45 0.227659
169 46 0.232169
169 47 0.236612
169 48 0.241063
169 49 0.245446
169 50 0.249839
169 51 0.254163
169 52 0.258499
169 53 0.262765
169 54 0.267046
169 55 0.271256
169 56 0.275483
169 57 0.279640
169 58 0.283816
169 59 0.287921
169 60 0.292047
169 61 0.296103
169 62 0.300183
169 63 0.304193
169 64 0.308229
169 65 0.312196
169 66 0.316192
169 67 0.320119
169 68 0.324077
169 69 0.327968
169 70 0.331892
169 71 0.335750
169 72 0.339644
169 73 0.343472
169 74 0.347338
169 75 0.351141
169 76 0.354983
169 77 0.358762
169 78 0.362584
169 79 0.366344
169 80 0.370148
169 81 0.373891
169 82 0.377680
169 83 0.381409
169 84 0.385185
169 85 0.388902
169 86 0.392668
169 87 0.396376
169 88 0.400132
169 89 0.403831
169 90 0.407579
169 91 0.411270
169 92 0.415010
169 93 0.418692
169 94 0.422424
169 95 0.426096
169 96 0.429817
169 97 0.433478
169 98 0.437186
169 99 0.440832
169 100 0.444523
170 1 0.005196
170 2 0.010390
170 3 0.015584
170 4 0.020773
170 5 0.025961
170 6 0.031139
170 7 0.036317
170 8 0.041482
170 9 0.046646
170 10 0.051793
170 11 0.056939
170 12 0.062064
170 13 0.067189
170 14 0.072289
170 15 0.077388
170 16 0.082460
170 17 0.087530
170 18 0.092569
170 19 0.097607
170 20 0.102611
170 21 0.107613
170 22 0.112578
170 23 0.117541
170 24 0.122464
170 25 0.127386
170 26 0.132264
170 27 0.137141
170 28 0.141972
170 29 0.146803
170 30 0.151584
170 31 0.156365
170 32 0.161095
170 33 0.165825
170 34 0.170501
170 35 0.175178
170 36 0.179799
170 37 0.184422
170 38 0.188987
170 39 0.193554
170 40 0.198061
170 41 0.202573
170 42 0.207022
170 43 0.211477
170 44 0.215869
170 45 0.220267
170 46 0.224600
170 47 0.228942
170 48 0.233218
170 49 0.237503
170 50 0.241722
170 51 0.245953
170 52 0.250116
170 53 0.254293
170 54 0.258402
170 55 0.262527
170 56 0.266583
170 57 0.270657
170 58 0.274663
170 59 0.278689
170 60 0.282647
170 61 0.286627
170 62 0.290539
170 63 0.294475
170 64 0.298345
170 65 0.302241
170 66 0.306070
170 67 0.309928
170 68 0.313721
170 69 0.317545
170 70 0.321304
170 71 0.325096
170 72 0.328824
170 73 0.332588
170 74 0.336289
170 75 0.340028
170 76 0.343705
170 77 0.347422
170 78 0.351077
170 79 0.354774
170 80 0.358412
170 81 0.362092
170 82 0.365714
170 83 0.369379
170 84 0.372987
170 85 0.376641
170 86 0.380236
170 87 0.383879
170 88 0.387464
170 89 0.391096
170 90 0.394671
170 91 0.398293
170 92 0.401858
170 93 0.405469
170 94 0.409023
170 95 0.412623
170 96 0.416164
170 97 0.419749
170 98 0.423274
170 99 0.426842
170 100 0.430347
171 1 0.005019
171 2 0.010037
171 3 0.015052
171 4 0.020066
171 5 0.025074
171 6 0.030080
171 7 0.035076
171 8 0.040072
171 9 0.045052
171 10 0.050033
171 11 0.054995
171 12 0.059956
171 13 0.064895
171 14 0.069834
171 15 0.074748
171 16 0.079661
171 17 0.084545
171 18 0.089429
171 19 0.094281
171 20 0.099132
171 21 0.103948
171 22 0.108764
171 23 0.113541
171 24 0.118318
171 25 0.123054
171 26 0.127790
171 27 0.132482
171 28 0.137175
171 29 0.141820
171 30 0.146467
171 31 0.151064
171 32 0.155662
171 33 0.160209
171 34 0.164758
171 35 0.169253
171 36 0.173750
171 37 0.178192
171 38 0.182637
171 39 0.187024
171 40 0.191416
171 41 0.195749
171 42 0.200086
171 43 0.204363
171 44 0.208647
171 45 0.212869
171 46 0.217098
171 47 0.221264
171 48 0.225440
171 49 0.229552
171 50 0.233674
171 51 0.237732
171 52 0.241803
171 53 0.245808
171 54 0.249828
171 55 0.253782
171 56 0.257753
171 57 0.261658
171 58 0.265581
171 59 0.269438
171 60 0.273317
171 61 0.277129
171 62 0.280964
171 63 0.284734
171 64 0.288529
171 65 0.292259
171 66 0.296017
171 67 0.299710
171 68 0.303432
171 69 0.307091
171 70 0.310781
171 71 0.314409
171 72 0.318070
171 73 0.321670
171 74 0.325305
171 75 0.328879
171 76 0.332491
171 77 0.336042
171 78 0.339633
171 79 0.343165
171 80 0.346737
171 81 0.350252
171 82 0.353808
171 83 0.357307
171 84 0.360850
171 85 0.364335
171 86 0.367864
171 87 0.371337
171 88 0.374855
171 89 0.378316
171 90 0.381822
171 91 0.385271
171 92 0.388765
171 93 0.392202
171 94 0.395683
171 95 0.399106
171 96 0.402572
171 97 0.405979
171 98 0.409426
171 99 0.412813
171 100 0.416237
172 1 0.004843
172 2 0.009684
172 3 0.014525
172 4 0.019360
172 5 0.024196
172 6 0.029022
172 7 0.033848
172 8 0.038662
172 9 0.043476
172 10 0.048273
172 11 0.053071
172 12 0.057849
172 13 0.062626
172 14 0.067381
172 15 0.072135
172 16 0.076863
172 17 0.081591
172 18 0.086290
172 19 0.090988
172 20 0.095655
172 21 0.100320
172 22 0.104951
172 23 0.109581
172 24 0.114174
172 25 0.118766
172 26 0.123318
172 27 0.127869
172 28 0.132378
172 29 0.136887
172 30 0.141350
172 31 0.145814
172 32 0.150230
172 33 0.154647
172 34 0.159014
172 35 0.163383
172 36 0.167700
172 37 0.172020
172 38 0.176285
172 39 0.180554
172 40 0.184767
172 41 0.188985
172 42 0.193146
172 43 0.197312
172 44 0.201420
172 45 0.205534
172 46 0.209589
172 47 0.213652
172 48 0.217654
172 49 0.221666
172 50 0.225616
172 51 0.229578
172 52 0.233478
172 53 0.237390
172 54 0.241240
172 55 0.245105
172 56 0.248907
172 57 0.252726
172 58 0.256481
172 59 0.260255
172 60 0.263967
172 61 0.267699
172 62 0.271368
172 63 0.275060
172 64 0.278690
172 65 0.282344
172 66 0.285937
172 67 0.289557
172 68 0.293115
172 69 0.296702
172 70 0.300229
172 71 0.303786
172 72 0.307284
172 73 0.310815
172 74 0.314286
172 75 0.317792
172 76 0.321240
172 77 0.324725
172 78 0.328151
172 79 0.331616
172 80 0.335024
172 81 0.338472
172 82 0.341863
172 83 0.345294
172 84 0.348670
172 85 0.352088
172 86 0.355450
172 87 0.358854
172 88 0.362203
172 89 0.365595
172 90 0.368930
172 91 0.372309
172 92 0.375631
172 93 0.378995
172 94 0.382303
172 95 0.385651
172 96 0.388941
172 97 0.392271
172 98 0.395541
172 99 0.398848
172 100 0.402093
173 1 0.004667
173 2 0.009334
173 3 0.013998
173 4 0.018662
173 5 0.023318
173 6 0.027975
173 7 0.032621
173 8 0.037267
173 9 0.041900
173 10 0.046532
173 11 0.051148
173 12 0.055763
173 13 0.060357
173 14 0.064952
173 15 0.069523
173 16 0.074094
173 17 0.078638
173 18 0.083183
173 19 0.087697
173 20 0.092212
173 21 0.096694
173 22 0.101176
173 23 0.105623
173 24 0.110070
173 25 0.114479
173 26 0.118888
173 27 0.123257
173 28 0.127627
173 29 0.131953
173 30 0.136281
173 31 0.140563
173 32 0.144848
173 33 0.149084
173 34 0.153323
173 35 0.157512
173 36 0.161704
173 37 0.165845
173 38 0.169990
173 39 0.174081
173 40 0.178177
173 41 0.182218
173 42 0.186265
173 43 0.190256
173 44 0.194253
173 45 0.198194
173 46 0.202142
173 47 0.206032
173 48 0.209931
173 49 0.213771
173 50 0.217622
173 51 0.221413
173 52 0.225217
173 53 0.228960
173 54 0.232717
173 55 0.236414
173 56 0.240126
173 57 0.243777
173 58 0.247446
173 59 0.251054
173 60 0.254682
173 61 0.258248
173 62 0.261836
173 63 0.265364
173 64 0.268915
173 65 0.272405
173 66 0.275921
173 67 0.279377
173 68 0.282861
173 69 0.286285
173 70 0.289739
173 71 0.293133
173 72 0.296559
173 73 0.299927
173 74 0.303328
173 75 0.306672
173 76 0.310050
173 77 0.313371
173 78 0.316729
173 79 0.320030
173 80 0.323369
173 81 0.326653
173 82 0.329975
173 83 0.333242
173 84 0.336549
173 85 0.339801
173 86 0.343093
173 87 0.346331
173 88 0.349609
173 89 0.352833
173 90 0.356097
173 91 0.359306
173 92 0.362555
173 93 0.365749
173 94 0.368981
173 95 0.372157
173 96 0.375371
173 97 0.378526
173 98 0.381718
173 99 0.384849
173 100 0.388014
174 1 0.004493
174 2 0.008985
174 3 0.013477
174 4 0.017963
174 5 0.022450
174 6 0.026928
174 7 0.031406
174 8 0.035873
174 9 0.040340
174 10 0.044792
174 11 0.049243
174 12 0.053677
174 13 0.058111
174 14 0.062524
174 15 0.066937
174 16 0.071326
174 17 0.075714
174 18 0.080076
174 19 0.084438
174 20 0.088770
174 21 0.093102
174 22 0.097401
174 23 0.101701
174 24 0.105966
174 25 0.110231
174 26 0.114459
174 27 0.118687
174 28 0.122876
174 29 0.127065
174 30 0.131212
174 31 0.135361
174 32 0.139465
174 33 0.143571
174 34 0.147630
174 35 0.151693
174 36 0.155707
174 37 0.159724
174 38 0.163691
174 39 0.167663
174 40 0.171583
174 41 0.175508
174 42 0.179379
174 43 0.183258
174 44 0.187081
174 45 0.190912
174 46 0.194688
174 47 0.198472
174 48 0.202200
174 49 0.205938
174 50 0.209618
174 51 0.213311
174 52 0.216945
174 53 0.220592
174 54 0.224181
174 55 0.227785
174 56 0.231330
174 57 0.234892
174 58 0.238394
174 59 0.241916
174 60 0.245378
174 61 0.248860
174 62 0.252284
174 63 0.255730
174 64 0.259117
174 65 0.262528
174 66 0.265881
174 67 0.269260
174 68 0.272580
174 69 0.275929
174 70 0.279220
174 71 0.282541
174 72 0.285805
174 73 0.289100
174 74 0.292339
174 75 0.295610
174 76 0.298826
174 77 0.302076
174 78 0.305272
174 79 0.308503
174 80 0.311679
174 81 0.314892
174 82 0.318051
174 83 0.321247
174 84 0.324390
174 85 0.327571
174 86 0.330699
174 87 0.333865
174 88 0.336977
174 89 0.340128
174 90 0.343225
174 91 0.346361
174 92 0.349442
174 93 0.352560
174 94 0.355623
174 95 0.358723
174 96 0.361766
174 97 0.364843
174 98 0.367862
174 99 0.370914
174 100 0.373905
175 1 0.004319
175 2 0.008639
175 3 0.012955
175 4 0.017271
175 5 0.021581
175 6 0.025891
175 7 0.030192
175 8 0.034492
175 9 0.038780
175 10 0.043068
175 11 0.047340
175 12 0.051612
175 13 0.055866
175 14 0.060119
175 15 0.064351
175 16 0.068583
175 17 0.072791
175 18 0.076998
175 19 0.081179
175 20 0.085359
175 21 0.089510
175 22 0.093662
175 23 0.097780
175 24 0.101900
175 25 0.105984
175 26 0.110070
175 27 0.114118
175 28 0.118167
175 29 0.122176
175 30 0.126187
175 31 0.130157
175 32 0.134129
175 33 0.138056
175 34 0.141987
175 35 0.145872
175 36 0.149760
175 37 0.153600
175 38 0.157445
175 39 0.161241
175 40 0.165042
175 41 0.168793
175 42 0.172549
175 43 0.176254
175 44 0.179966
175 45 0.183624
175 46 0.187291
175 47 0.190904
175 48 0.194527
175 49 0.198095
175 50 0.201673
175 51 0.205197
175 52 0.208732
175 53 0.212212
175 54 0.215705
175 55 0.219142
175 56 0.222595
175 57 0.225990
175 58 0.229403
175 59 0.232760
175 60 0.236135
175 61 0.239453
175 62 0.242792
175 63 0.246075
175 64 0.249379
175 65 0.252628
175 66 0.255900
175 67 0.259117
175 68 0.262359
175 69 0.265546
175 70 0.268761
175 71 0.271920
175 72 0.275108
175 73 0.278242
175 74 0.281407
175 75 0.284517
175 76 0.287660
175 77 0.290749
175 78 0.293871
175 79 0.296941
175 80 0.300044
175 81 0.303096
175 82 0.306182
175 83 0.309216
175 84 0.312287
175 85 0.315305
175 86 0.318359
175 87 0.321361
175 88 0.324400
175 89 0.327387
175 90 0.330410
175 91 0.333379
175 92 0.336385
175 93 0.339337
175 94 0.342323
175 95 0.345255
175 96 0.348220
175 97 0.351129
175 98 0.354068
175 99 0.356950
175 100 0.359860
176 1 0.004147
176 2 0.008293
176 3 0.012439
176 4 0.016580
176 5 0.020721
176 6 0.024855
176 7 0.028988
176 8 0.033111
176 9 0.037235
176 10 0.041344
176 11 0.045454
176 12 0.049547
176 13 0.053640
176 14 0.057714
176 15 0.061789
176 16 0.065841
176 17 0.069893
176 18 0.073921
176 19 0.077949
176 20 0.081950
176 21 0.085951
176 22 0.089922
176 23 0.093894
176 24 0.097834
176 25 0.101774
176 26 0.105680
176 27 0.109587
176 28 0.113457
176 29 0.117329
176 30 0.121162
176 31 0.124997
176 32 0.128791
176 33 0.132587
176 34 0.136341
176 35 0.140098
176 36 0.143810
176 37 0.147526
176 38 0.151196
176 39 0.154871
176 40 0.158498
176 41 0.162130
176 42 0.165714
176 43 0.169304
176 44 0.172843
176 45 0.176391
176 46 0.179887
176 47 0.183392
176 48 0.186845
176 49 0.190308
176 50 0.193718
176 51 0.197140
176 52 0.200508
176 53 0.203889
176 54 0.207216
176 55 0.210557
176 56 0.213844
176 57 0.217147
176 58 0.220396
176 59 0.223662
176 60 0.226874
176 61 0.230104
176 62 0.233281
176 63 0.236478
176 64 0.239620
176 65 0.242786
176 66 0.245897
176 67 0.249032
176 68 0.252113
176 69 0.255221
176 70 0.258275
176 71 0.261356
176 72 0.264384
176 73 0.267441
176 74 0.270445
176 75 0.273480
176 76 0.276463
176 77 0.279476
176 78 0.282439
176 79 0.285433
176 80 0.288377
176 81 0.291354
176 82 0.294280
176 83 0.297240
176 84 0.300149
176 85 0.303092
176 86 0.305985
176 87 0.308913
176 88 0.311789
176 89 0.314700
176 90 0.317560
176 91 0.320453
176 92 0.323295
176 93 0.326170
176 94 0.328991
176 95 0.331845
176 96 0.334644
176 97 0.337473
176 98 0.340246
176 99 0.343047
176 100 0.345789
177 1 0.003975
177 2 0.007950
177 3 0.011922
177 4 0.015895
177 5 0.019861
177 6 0.023827
177 7 0.027785
177 8 0.031743
177 9 0.035689
177 10 0.039636
177 11 0.043568
177 12 0.047500
177 13 0.051416
177 14 0.055331
177 15 0.059227
177 16 0.063123
177 17 0.066996
177 18 0.070870
177 19 0.074719
177 20 0.078569
177 21 0.082391
177 22 0.086214
177 23 0.090007
177 24 0.093802
177 25 0.097564
177 26 0.101327
177 27 0.105056
177 28 0.108787
177 29 0.112481
177 30 0.116178
177 31 0.119836
177 32 0.123496
177 33 0.127117
177 34 0.130740
177 35 0.134322
177 36 0.137907
177 37 0.141449
177 38 0.144995
177 39 0.148496
177 40 0.152003
177 41 0.155463
177 42 0.158929
177 43 0.162348
177 44 0.165774
177 45 0.169151
177 46 0.172536
177 47 0.175872
177 48 0.179218
177 49 0.182512
177 50 0.185818
177 51 0.189073
177 52 0.192339
177 53 0.195554
177 54 0.198783
177 55 0.201959
177 56 0.205150
177 57 0.208289
177 58 0.211445
177 59 0.214548
177 60 0.217669
177 61 0.220737
177 62 0.223825
177 63 0.226861
177 64 0.229917
177 65 0.232922
177 66 0.235949
177 67 0.238924
177 68 0.241923
177 69 0.244870
177 70 0.247843
177 71 0.250765
177 72 0.253714
177 73 0.256612
177 74 0.259538
177 75 0.262414
177 76 0.265319
177 77 0.268174
177 78 0.271059
177 79 0.273895
177 80 0.276762
177 81 0.279580
177 82 0.282430
177 83 0.285230
177 84 0.288064
177 85 0.290847
177 86 0.293664
177 87 0.296431
177 88 0.299231
177 89 0.301981
177 90 0.304764
177 91 0.307496
177 92 0.310259
177 93 0.312972
177 94 0.315715
177 95 0.318406
177 96 0.321125
177 97 0.323791
177 98 0.326483
177 99 0.329120
177 100 0.331781
178 1 0.003804
178 2 0.007607
178 3 0.011410
178 4 0.015209
178 5 0.019008
178 6 0.022800
178 7 0.026592
178 8 0.030375
178 9 0.034157
178 10 0.037928
178 11 0.041698
178 12 0.045454
178 13 0.049209
178 14 0.052948
178 15 0.056686
178 16 0.060405
178 17 0.064123
178 18 0.067820
178 19 0.071516
178 20 0.075188
178 21 0.078861
178 22 0.082506
178 23 0.086152
178 24 0.089769
178 25 0.093387
178 26 0.096973
178 27 0.100561
178 28 0.104115
178 29 0.107671
178 30 0.111192
178 31 0.114715
178 32 0.118200
178 33 0.121688
178 34 0.125137
178 35 0.128589
178 36 0.132001
178 37 0.135417
178 38 0.138790
178 39 0.142168
178 40 0.145503
178 41 0.148843
178 42 0.152139
178 43 0.155441
178 44 0.158697
178 45 0.161961
178 46 0.165178
178 47 0.168403
178 48 0.171581
178 49 0.174769
178 50 0.177908
178 51 0.181058
178 52 0.184159
178 53 0.187273
178 54 0.190336
178 55 0.193414
178 56 0.196442
178 57 0.199485
178 58 0.202478
178 59 0.205487
178 60 0.208447
178 61 0.211424
178 62 0.214351
178 63 0.217298
178 64 0.220194
178 65 0.223111
178 66 0.225979
178 67 0.228869
178 68 0.231709
178 69 0.234573
178 70 0.237388
178 71 0.240228
178 72 0.243018
178 73 0.245835
178 74 0.248604
178 75 0.251400
178 76 0.254147
178 77 0.256923
178 78 0.259651
178 79 0.262408
178 80 0.265118
178 81 0.267858
178 82 0.270550
178 83 0.273272
178 84 0.275947
178 85 0.278653
178 86 0.281312
178 87 0.284001
178 88 0.286642
178 89 0.289314
178 90 0.291937
178 91 0.294591
178 92 0.297195
178 93 0.299828
178 94 0.302411
178 95 0.305021
178 96 0.307580
178 97 0.310165
178 98 0.312696
178 99 0.315252
178 100 0.317751
179 1 0.003634
179 2 0.007267
179 3 0.010899
179 4 0.014530
179 5 0.018156
179 6 0.021782
179 7 0.025400
179 8 0.029018
179 9 0.032626
179 10 0.036234
179 11 0.039829
179 12 0.043424
179 13 0.047004
179 14 0.050584
179 15 0.054146
179 16 0.057708
179 17 0.061251
179 18 0.064793
179 19 0.068314
179 20 0.071834
179 21 0.075330
179 22 0.078827
179 23 0.082297
179 24 0.085768
179 25 0.089210
179 26 0.092653
179 27 0.096065
179 28 0.099479
179 29 0.102860
179 30 0.106243
179 31 0.109592
179 32 0.112943
179 33 0.116257
179 34 0.119575
179 35 0.122854
179 36 0.126137
179 37 0.129381
179 38 0.132629
179 39 0.135836
179 40 0.139049
179 41 0.142219
179 42 0.145395
179 43 0.148528
179 44 0.151669
179 45 0.154764
179 46 0.157868
179 47 0.160926
179 48 0.163994
179 49 0.167016
179 50 0.170048
179 51 0.173033
179 52 0.176030
179 53 0.178979
179 54 0.181942
179 55 0.184856
179 56 0.187785
179 57 0.190666
179 58 0.193563
179 59 0.196411
179 60 0.199276
179 61 0.202093
179 62 0.204928
179 63 0.207716
179 64 0.210522
179 65 0.213281
179 66 0.216061
179 67 0.218793
179 68 0.221547
179 69 0.224253
179 70 0.226983
179 71 0.229666
179 72 0.232373
179 73 0.235033
179 74 0.237719
179 75 0.240359
179 76 0.243025
179 77 0.245645
179 78 0.248292
179 79 0.250893
179 80 0.253523
179 81 0.256106
179 82 0.258719
179 83 0.261285
179 84 0.263881
179 85 0.266430
179 86 0.269009
179 87 0.271541
179 88 0.274103
179 89 0.276618
179 90 0.279161
179 91 0.281657
179 92 0.284181
179 93 0.286657
179 94 0.289159
179 95 0.291612
179 96 0.294090
179 97 0.296516
179 98 0.298966
179 99 0.301363
179 100 0.303780
180 1 0.003464
180 2 0.006928
180 3 0.010391
180 4 0.013850
180 5 0.017310
180 6 0.020763
180 7 0.024216
180 8 0.027661
180 9 0.031106
180 10 0.034540
180 11 0.037973
180 12 0.041394
180 13 0.044815
180 14 0.048220
180 15 0.051625
180 16 0.055012
180 17 0.058400
180 18 0.061767
180 19 0.065135
180 20 0.068480
180 21 0.071826
180 22 0.075148
180 23 0.078471
180 24 0.081766
180 25 0.085064
180 26 0.088332
180 27 0.091602
180 28 0.094842
180 29 0.098084
180 30 0.101293
180 31 0.104505
180 32 0.107683
180 33 0.110864
180 34 0.114010
180 35 0.117159
180 36 0.120271
180 37 0.123387
180 38 0.126464
180 39 0.129547
180 40 0.132590
180 41 0.135639
180 42 0.138646
180 43 0.141661
180 44 0.144633
180 45 0.147613
180 46 0.150551
180 47 0.153496
180 48 0.156399
180 49 0.159310
180 50 0.162178
180 51 0.165056
180 52 0.167889
180 53 0.170735
180 54 0.173535
180 55 0.176348
180 56 0.179115
180 57 0.181897
180 58 0.184633
180 59 0.187384
180 60 0.190090
180 61 0.192812
180 62 0.195489
180 63 0.198183
180 64 0.200832
180 65 0.203500
180 66 0.206122
180 67 0.208765
180 68 0.211363
180 69 0.213982
180 70 0.216556
180 71 0.219152
180 72 0.221704
180 73 0.224280
180 74 0.226811
180 75 0.229366
180 76 0.231878
180 77 0.234415
180 78 0.236907
180 79 0.239426
180 80 0.241901
180 81 0.244403
180 82 0.246860
180 83 0.249346
180 84 0.251786
180 85 0.254255
180 86 0.256679
180 87 0.259130
180 88 0.261537
180 89 0.263971
180 90 0.266359
180 91 0.268774
180 92 0.271142
180 93 0.273537
180 94 0.275883
180 95 0.278254
180 96 0.280576
180 97 0.282921
180 98 0.285215
180 99 0.287530
180 100 0.289791
181 1 0.003295
181 2 0.006590
181 3 0.009883
181 4 0.013176
181 5 0.016464
181 6 0.019752
181 7 0.023033
181 8 0.026314
181 9 0.029586
181 10 0.032858
181 11 0.036118
181 12 0.039379
181 13 0.042626
181 14 0.045873
181 15 0.049104
181 16 0.052335
181 17 0.055549
181 18 0.058763
181 19 0.061956
181 20 0.065150
181 21 0.068322
181 22 0.071495
181 23 0.074643
181 24 0.077793
181 25 0.080916
181 26 0.084041
181 27 0.087138
181 28 0.090237
181 29 0.093306
181 30 0.096377
181 31 0.099417
181 32 0.102460
181 33 0.105469
181 34 0.108482
181 35 0.111460
181 36 0.114442
181 37 0.117389
181 38 0.120340
181 39 0.123253
181 40 0.126172
181 41 0.129053
181 42 0.131940
181 43 0.134787
181 44 0.137642
181 45 0.140456
181 46 0.143278
181 47 0.146059
181 48 0.148848
181 49 0.151596
181 50 0.154354
181 51 0.157069
181 52 0.159795
181 53 0.162479
181 54 0.165174
181 55 0.167827
181 56 0.170492
181 57 0.173114
181 58 0.175750
181 59 0.178343
181 60 0.180951
181 61 0.183515
181 62 0.186096
181 63 0.188634
181 64 0.191189
181 65 0.193701
181 66 0.196231
181 67 0.198718
181 68 0.201226
181 69 0.203690
181 70 0.206175
181 71 0.208617
181 72 0.211082
181 73 0.213503
181 74 0.215948
181 75 0.218350
181 76 0.220776
181 77 0.223160
181 78 0.225568
181 79 0.227934
181 80 0.230325
181 81 0.232674
181 82 0.235048
181 83 0.237380
181 84 0.239738
181 85 0.242053
181 86 0.244395
181 87 0.246693
181 88 0.249018
181 89 0.251298
181 90 0.253604
181 91 0.255866
181 92 0.258152
181 93 0.260393
181 94 0.262657
181 95 0.264875
181 96 0.267114
181 97 0.269306
181 98 0.271517
181 99 0.273679
181 100 0.275858
182 1 0.003127
182 2 0.006253
182 3 0.009379
182 4 0.012501
182 5 0.015624
182 6 0.018741
182 7 0.021858
182 8 0.024967
182 9 0.028077
182 10 0.031177
182 11 0.034277
182 12 0.037364
182 13 0.040452
182 14 0.043526
182 15 0.046601
182 16 0.049659
182 17 0.052717
182 18 0.055758
182 19 0.058799
182 20 0.061820
182 21 0.064842
182 22 0.067841
182 23 0.070842
182 24 0.073819
182 25 0.076797
182 26 0.079750
182 27 0.082704
182 28 0.085631
182 29 0.088560
182 30 0.091459
182 31 0.094362
182 32 0.097234
182 33 0.100109
182 34 0.102952
182 35 0.105798
182 36 0.108611
182 37 0.111428
182 38 0.114211
182 39 0.116998
182 40 0.119750
182 41 0.122507
182 42 0.125228
182 43 0.127955
182 44 0.130644
182 45 0.133340
182 46 0.135998
182 47 0.138663
182 48 0.141290
182 49 0.143925
182 50 0.146521
182 51 0.149126
182 52 0.151691
182 53 0.154267
182 54 0.156803
182 55 0.159350
182 56 0.161856
182 57 0.164376
182 58 0.166854
182 59 0.169346
182 60 0.171797
182 61 0.174263
182 62 0.176688
182 63 0.179129
182 64 0.181529
182 65 0.183946
182 66 0.186322
182 67 0.188716
182 68 0.191070
182 69 0.193443
182 70 0.195774
182 71 0.198127
182 72 0.200438
182 73 0.202771
182 74 0.205063
182 75 0.207378
182 76 0.209652
182 77 0.211949
182 78 0.214205
182 79 0.216485
182 80 0.218725
182 81 0.220988
182 82 0.223211
182 83 0.225459
182 84 0.227665
182 85 0.229897
182 86 0.232087
182 87 0.234301
182 88 0.236474
182 89 0.238671
182 90 0.240826
182 91 0.243004
182 92 0.245139
182 93 0.247296
182 94 0.249410
182 95 0.251544
182 96 0.253633
182 97 0.255741
182 98 0.257802
182 99 0.259881
182 100 0.261910
183 1 0.002959
183 2 0.005918
183 3 0.008874
183 4 0.011831
183 5 0.014784
183 6 0.017737
183 7 0.020683
183 8 0.023630
183 9 0.026568
183 10 0.029506
183 11 0.032435
183 12 0.035363
183 13 0.038279
183 14 0.041195
183 15 0.044097
183 16 0.047000
183 17 0.049886
183 18 0.052773
183 19 0.055642
183 20 0.058511
183 21 0.061361
183 22 0.064211
183 23 0.067040
183 24 0.069870
183 25 0.072677
183 26 0.075485
183 27 0.078268
183 28 0.081053
183 29 0.083812
183 30 0.086572
183 31 0.089305
183 32 0.092040
183 33 0.094746
183 34 0.097455
183 35 0.100133
183 36 0.102815
183 37 0.105464
183 38 0.108118
183 39 0.110739
183 40 0.113365
183 41 0.115957
183 42 0.118554
183 43 0.121116
183 44 0.123685
183 45 0.126217
183 46 0.128757
183 47 0.131260
183 48 0.133772
183 49 0.136246
183 50 0.138729
183 51 0.141174
183 52 0.143629
183 53 0.146045
183 54 0.148473
183 55 0.150862
183 56 0.153263
183 57 0.155625
183 58 0.158000
183 59 0.160336
183 60 0.162686
183 61 0.164996
183 62 0.167322
183 63 0.169609
183 64 0.171911
183 65 0.174175
183 66 0.176455
183 67 0.178696
183 68 0.180956
183 69 0.183176
183 70 0.185416
183 71 0.187616
183 72 0.189837
183 73 0.192018
183 74 0.194221
183 75 0.196384
183 76 0.198569
183 77 0.200716
183 78 0.202884
183 79 0.205014
183 80 0.207166
183 81 0.209280
183 82 0.211417
183 83 0.213514
183 84 0.215635
183 85 0.217716
183 86 0.219821
183 87 0.221886
183 88 0.223974
183 89 0.226022
183 90 0.228091
183 91 0.230120
183 92 0.232171
183 93 0.234180
183 94 0.236209
183 95 0.238194
183 96 0.240199
183 97 0.242160
183 98 0.244137
183 99 0.246068
183 100 0.248014
184 1 0.002792
184 2 0.005583
184 3 0.008374
184 4 0.011161
184 5 0.013949
184 6 0.016733
184 7 0.019516
184 8 0.022292
184 9 0.025069
184 10 0.027836
184 11 0.030604
184 12 0.033361
184 13 0.036119
184 14 0.038864
184 15 0.041610
184 16 0.044341
184 17 0.047072
184 18 0.049788
184 19 0.052504
184 20 0.055202
184 21 0.057901
184 22 0.060581
184 23 0.063261
184 24 0.065921
184 25 0.068581
184 26 0.071219
184 27 0.073859
184 28 0.076474
184 29 0.079092
184 30 0.081683
184 31 0.084277
184 32 0.086844
184 33 0.089414
184 34 0.091955
184 35 0.094500
184 36 0.097015
184 37 0.099534
184 38 0.102022
184 39 0.104515
184 40 0.106975
184 41 0.109442
184 42 0.111875
184 43 0.114314
184 44 0.116720
184 45 0.119132
184 46 0.121510
184 47 0.123896
184 48 0.126246
184 49 0.128605
184 50 0.130928
184 51 0.133261
184 52 0.135557
184 53 0.137863
184 54 0.140133
184 55 0.142414
184 56 0.144658
184 57 0.146915
184 58 0.149134
184 59 0.151366
184 60 0.153561
184 61 0.155770
184 62 0.157942
184 63 0.160129
184 64 0.162278
184 65 0.164444
184 66 0.166572
184 67 0.168717
184 68 0.170825
184 69 0.172950
184 70 0.175039
184 71 0.177146
184 72 0.179216
184 73 0.181306
184 74 0.183358
184 75 0.185431
184 76 0.187466
184 77 0.189523
184 78 0.191542
184 79 0.193583
184 80 0.195587
184 81 0.197612
184 82 0.199600
184 83 0.201610
184 84 0.203583
184 85 0.205577
184 86 0.207534
184 87 0.209512
184 88 0.211453
184 89 0.213414
184 90 0.215337
184 91 0.217280
184 92 0.219183
184 93 0.221107
184 94 0.222989
184 95 0.224890
184 96 0.226749
184 97 0.228625
184 98 0.230457
184 99 0.232304
184 100 0.234106
185 1 0.002625
185 2 0.005250
185 3 0.007873
185 4 0.010496
185 5 0.013115
185 6 0.015734
185 7 0.018348
185 8 0.020962
185 9 0.023569
185 10 0.026176
185 11 0.028774
185 12 0.031372
185 13 0.033959
185 14 0.036547
185 15 0.039122
185 16 0.041697
185 17 0.044258
185 18 0.046820
185 19 0.049366
185 20 0.051912
185 21 0.054441
185 22 0.056971
185 23 0.059482
185 24 0.061994
185 25 0.064485
185 26 0.066978
185 27 0.069448
185 28 0.071921
185 29 0.074370
185 30 0.076821
185 31 0.079247
185 32 0.081676
185 33 0.084079
185 34 0.086485
185 35 0.088864
185 36 0.091246
185 37 0.093599
185 38 0.095957
185 39 0.098286
185 40 0.100619
185 41 0.102922
185 42 0.105230
185 43 0.107507
185 44 0.109790
185 45 0.112041
185 46 0.114299
185 47 0.116524
185 48 0.118757
185 49 0.120957
185 50 0.123165
185 51 0.125339
185 52 0.127522
185 53 0.129671
185 54 0.131831
185 55 0.133956
185 56 0.136092
185 57 0.138193
185 58 0.140306
185 59 0.142384
185 60 0.144475
185 61 0.146531
185 62 0.148600
185 63 0.150635
185 64 0.152684
185 65 0.154698
185 66 0.156727
185 67 0.158721
185 68 0.160732
185 69 0.162708
185 70 0.164700
185 71 0.166658
185 72 0.168634
185 73 0.170575
185 74 0.172534
185 75 0.174458
185 76 0.176402
185 77 0.178310
185 78 0.180238
185 79 0.182132
185 80 0.184045
185 81 0.185924
185 82 0.187822
185 83 0.189686
185 84 0.191569
185 85 0.193417
185 86 0.195286
185 87 0.197118
185 88 0.198971
185 89 0.200787
185 90 0.202622
185 91 0.204421
185 92 0.206237
185 93 0.208016
185 94 0.209812
185 95 0.211569
185 96 0.213343
185 97 0.215075
185 98 0.216822
185 99 0.218527
185 100 0.220245
186 1 0.002459
186 2 0.004917
186 3 0.007374
186 4 0.009830
186 5 0.012285
186 6 0.014736
186 7 0.017187
186 8 0.019633
186 9 0.022078
186 10 0.024516
186 11 0.026954
186 12 0.029382
186 13 0.031811
186 14 0.034229
186 15 0.036648
186 16 0.039053
186 17 0.041460
186 18 0.043852
186 19 0.046245
186 20 0.048622
186 21 0.051000
186 22 0.053361
186 23 0.055723
186 24 0.058066
186 25 0.060411
186 26 0.062735
186 27 0.065061
186 28 0.067366
186 29 0.069673
186 30 0.071957
186 31 0.074244
186 32 0.076507
186 33 0.078772
186 34 0.081012
186 35 0.083256
186 36 0.085474
186 37 0.087695
186 38 0.089889
186 39 0.092088
186 40 0.094258
186 41 0.096434
186 42 0.098580
186 43 0.100732
186 44 0.102855
186 45 0.104983
186 46 0.107081
186 47 0.109186
186 48 0.111261
186 49 0.113343
186 50 0.115393
186 51 0.117452
186 52 0.119479
186 53 0.121515
186 54 0.123519
186 55 0.125533
186 56 0.127515
186 57 0.129507
186 58 0.131467
186 59 0.133438
186 60 0.135376
186 61 0.137327
186 62 0.139245
186 63 0.141177
186 64 0.143075
186 65 0.144988
186 66 0.146868
186 67 0.148762
186 68 0.150624
186 69 0.152501
186 70 0.154346
186 71 0.156206
186 72 0.158034
186 73 0.159879
186 74 0.161692
186 75 0.163522
186 76 0.165319
186 77 0.167134
186 78 0.168916
186 79 0.170717
186 80 0.172485
186 81 0.174271
186 82 0.176025
186 83 0.177798
186 84 0.179537
186 85 0.181295
186 86 0.183019
186 87 0.184762
186 88 0.186471
186 89 0.188198
186 90 0.189890
186 91 0.191600
186 92 0.193274
186 93 0.194965
186 94 0.196620
186 95 0.198290
186 96 0.199922
186 97 0.201568
186 98 0.203176
186 99 0.204795
186 100 0.206374
187 1 0.002293
187 2 0.004585
187 3 0.006876
187 4 0.009167
187 5 0.011455
187 6 0.013743
187 7 0.016027
187 8 0.018310
187 9 0.020587
187 10 0.022864
187 11 0.025133
187 12 0.027403
187 13 0.029663
187 14 0.031924
187 15 0.034173
187 16 0.036423
187 17 0.038661
187 18 0.040899
187 19 0.043123
187 20 0.045348
187 21 0.047558
187 22 0.049769
187 23 0.051962
187 24 0.054158
187 25 0.056335
187 26 0.058514
187 27 0.060673
187 28 0.062834
187 29 0.064975
187 30 0.067117
187 31 0.069238
187 32 0.071362
187 33 0.073463
187 34 0.075566
187 35 0.077646
187 36 0.079729
187 37 0.081787
187 38 0.083850
187 39 0.085886
187 40 0.087927
187 41 0.089941
187 42 0.091960
187 43 0.093952
187 44 0.095950
187 45 0.097919
187 46 0.099895
187 47 0.101842
187 48 0.103796
187 49 0.105721
187 50 0.107654
187 51 0.109557
187 52 0.111468
187 53 0.113350
187 54 0.115240
187 55 0.117101
187 56 0.118971
187 57 0.120811
187 58 0.122661
187 59 0.124481
187 60 0.126312
187 61 0.128112
187 62 0.129925
187 63 0.131706
187 64 0.133501
187 65 0.135265
187 66 0.137042
187 67 0.138789
187 68 0.140549
187 69 0.142280
187 70 0.144025
187 71 0.145739
187 72 0.147469
187 73 0.149168
187 74 0.150884
187 75 0.152568
187 76 0.154270
187 77 0.155940
187 78 0.157628
187 79 0.159284
187 80 0.160959
187 81 0.162602
187 82 0.164262
187 83 0.165892
187 84 0.167539
187 85 0.169154
187 86 0.170787
187 87 0.172388
187 88 0.174006
187 89 0.175592
187 90 0.177194
187 91 0.178764
187 92 0.180349
187 93 0.181900
187 94 0.183466
187 95 0.184996
187 96 0.186541
187 97 0.188049
187 98 0.189570
187 99 0.191053
187 100 0.192546
188 1 0.002127
188 2 0.004254
188 3 0.006381
188 4 0.008505
188 5 0.010630
188 6 0.012751
188 7 0.014872
188 8 0.016987
188 9 0.019103
188 10 0.021213
188 11 0.023322
188 12 0.025424
188 13 0.027526
188 14 0.029618
188 15 0.031711
188 16 0.033793
188 17 0.035875
188 18 0.037946
188 19 0.040017
188 20 0.042074
188 21 0.044132
188 22 0.046176
188 23 0.048220
188 24 0.050249
188 25 0.052279
188 26 0.054291
188 27 0.056305
188 28 0.058300
188 29 0.060298
188 30 0.062276
188 31 0.064256
188 32 0.066215
188 33 0.068177
188 34 0.070117
188 35 0.072061
188 36 0.073981
188 37 0.075906
188 38 0.077806
188 39 0.079711
188 40 0.081591
188 41 0.083476
188 42 0.085336
188 43 0.087201
188 44 0.089040
188 45 0.090885
188 46 0.092703
188 47 0.094528
188 48 0.096326
188 49 0.098130
188 50 0.099908
188 51 0.101693
188 52 0.103450
188 53 0.105216
188 54 0.106953
188 55 0.108700
188 56 0.110418
188 57 0.112146
188 58 0.113845
188 59 0.115555
188 60 0.117236
188 61 0.118929
188 62 0.120592
188 63 0.122267
188 64 0.123914
188 65 0.125573
188 66 0.127203
188 67 0.128847
188 68 0.130461
188 69 0.132090
188 70 0.133689
188 71 0.135303
188 72 0.136889
188 73 0.138489
188 74 0.140060
188 75 0.141647
188 76 0.143205
188 77 0.144778
188 78 0.146323
188 79 0.147884
188 80 0.149416
188 81 0.150964
188 82 0.152483
188 83 0.154018
188 84 0.155524
188 85 0.157047
188 86 0.158539
188 87 0.160048
188 88 0.161526
188 89 0.163020
188 90 0.164483
188 91 0.165962
188 92 0.167408
188 93 0.168869
188 94 0.170298
188 95 0.171740
188 96 0.173148
188 97 0.174568
188 98 0.175954
188 99 0.177350
188 100 0.178710
189 1 0.001962
189 2 0.003924
189 3 0.005885
189 4 0.007846
189 5 0.009804
189 6 0.011762
189 7 0.013716
189 8 0.015671
189 9 0.017619
189 10 0.019569
189 11 0.021511
189 12 0.023453
189 13 0.025388
189 14 0.027323
189 15 0.029248
189 16 0.031174
189 17 0.033090
189 18 0.035006
189 19 0.036910
189 20 0.038815
189 21 0.040706
189 22 0.042599
189 23 0.044477
189 24 0.046357
189 25 0.048221
189 26 0.050087
189 27 0.051936
189 28 0.053786
189 29 0.055619
189 30 0.057455
189 31 0.059271
189 32 0.061090
189 33 0.062889
189 34 0.064691
189 35 0.066473
189 36 0.068257
189 37 0.070021
189 38 0.071788
189 39 0.073532
189 40 0.075281
189 41 0.077007
189 42 0.078738
189 43 0.080445
189 44 0.082157
189 45 0.083845
189 46 0.085538
189 47 0.087208
189 48 0.088883
189 49 0.090533
189 50 0.092190
189 51 0.093822
189 52 0.095460
189 53 0.097074
189 54 0.098695
189 55 0.100290
189 56 0.101894
189 57 0.103472
189 58 0.105059
189 59 0.106620
189 60 0.108190
189 61 0.109735
189 62 0.111289
189 63 0.112817
189 64 0.114357
189 65 0.115870
189 66 0.117394
189 67 0.118893
189 68 0.120403
189 69 0.121887
189 70 0.123384
189 71 0.124854
189 72 0.126338
189 73 0.127795
189 74 0.129266
189 75 0.130711
189 76 0.132169
189 77 0.133602
189 78 0.135048
189 79 0.136468
189 80 0.137903
189 81 0.139311
189 82 0.140734
189 83 0.142130
189 84 0.143541
189 85 0.144924
189 86 0.146322
189 87 0.147692
189 88 0.149077
189 89 0.150434
189 90 0.151804
189 91 0.153146
189 92 0.154501
189 93 0.155827
189 94 0.157164
189 95 0.158472
189 96 0.159790
189 97 0.161077
189 98 0.162374
189 99 0.163639
189 100 0.164911
190 1 0.001798
190 2 0.003595
190 3 0.005392
190 4 0.007187
190 5 0.008982
190 6 0.010774
190 7 0.012566
190 8 0.014354
190 9 0.016142
190 10 0.017924
190 11 0.019707
190 12 0.021483
190 13 0.023259
190 14 0.025027
190 15 0.026796
190 16 0.028555
190 17 0.030316
190 18 0.032065
190 19 0.033816
190 20 0.035554
190 21 0.037294
190 22 0.039021
190 23 0.040750
190 24 0.042464
190 25 0.044180
190 26 0.045881
190 27 0.047584
190 28 0.049271
190 29 0.050960
190 30 0.052632
190 31 0.054306
190 32 0.055963
190 33 0.057622
190 34 0.059263
190 35 0.060906
190 36 0.062531
190 37 0.064158
190 38 0.065766
190 39 0.067377
190 40 0.068967
190 41 0.070562
190 42 0.072135
190 43 0.073713
190 44 0.075269
190 45 0.076830
190 46 0.078369
190 47 0.079913
190 48 0.081434
190 49 0.082961
190 50 0.084466
190 51 0.085976
190 52 0.087464
190 53 0.088958
190 54 0.090429
190 55 0.091908
190 56 0.093362
190 57 0.094825
190 58 0.096264
190 59 0.097711
190 60 0.099135
190 61 0.100568
190 62 0.101976
190 63 0.103395
190 64 0.104789
190 65 0.106194
190 66 0.107574
190 67 0.108966
190 68 0.110333
190 69 0.111712
190 70 0.113066
190 71 0.114432
190 72 0.115774
190 73 0.117129
190 74 0.118459
190 75 0.119802
190 76 0.121121
190 77 0.122453
190 78 0.123760
190 79 0.125080
190 80 0.126377
190 81 0.127686
190 82 0.128971
190 83 0.130269
190 84 0.131543
190 85 0.132830
190 86 0.134091
190 87 0.135366
190 88 0.136615
190 89 0.137877
190 90 0.139113
190 91 0.140361
190 92 0.141582
190 93 0.142815
190 94 0.144020
190 95 0.145236
190 96 0.146423
190 97 0.147620
190 98 0.148787
190 99 0.149962
190 100 0.151106
191 1 0.001633
191 2 0.003266
191 3 0.004898
191 4 0.006530
191 5 0.008160
191 6 0.009789
191 7 0.011416
191 8 0.013042
191 9 0.014664
191 10 0.016287
191 11 0.017903
191 12 0.019520
191 13 0.021130
191 14 0.022741
191 15 0.024343
191 16 0.025947
191 17 0.027541
191 18 0.029136
191 19 0.030721
191 20 0.032307
191 21 0.033881
191 22 0.035457
191 23 0.037021
191 24 0.038586
191 25 0.040138
191 26 0.041691
191 27 0.043231
191 28 0.044772
191 29 0.046298
191 30 0.047827
191 31 0.049339
191 32 0.050854
191 33 0.052353
191 34 0.053853
191 35 0.055337
191 36 0.056824
191 37 0.058293
191 38 0.059764
191 39 0.061218
191 40 0.062675
191 41 0.064113
191 42 0.065555
191 43 0.066977
191 44 0.068404
191 45 0.069810
191 46 0.071222
191 47 0.072613
191 48 0.074009
191 49 0.075384
191 50 0.076765
191 51 0.078125
191 52 0.079492
191 53 0.080836
191 54 0.082188
191 55 0.083518
191 56 0.084855
191 57 0.086170
191 58 0.087494
191 59 0.088795
191 60 0.090104
191 61 0.091392
191 62 0.092688
191 63 0.093963
191 64 0.095246
191 65 0.096508
191 66 0.097779
191 67 0.099028
191 68 0.100288
191 69 0.101525
191 70 0.102773
191 71 0.103999
191 72 0.105236
191 73 0.106451
191 74 0.107677
191 75 0.108881
191 76 0.110097
191 77 0.111291
191 78 0.112497
191 79 0.113680
191 80 0.114875
191 81 0.116048
191 82 0.117234
191 83 0.118396
191 84 0.119571
191 85 0.120723
191 86 0.121887
191 87 0.123027
191 88 0.124180
191 89 0.125308
191 90 0.126449
191 91 0.127564
191 92 0.128691
191 93 0.129792
191 94 0.130904
191 95 0.131990
191 96 0.133085
191 97 0.134154
191 98 0.135230
191 99 0.136279
191 100 0.137334
192 1 0.001469
192 2 0.002938
192 3 0.004406
192 4 0.005873
192 5 0.007340
192 6 0.008805
192 7 0.010269
192 8 0.011731
192 9 0.013192
192 10 0.014649
192 11 0.016106
192 12 0.017557
192 13 0.019009
192 14 0.020454
192 15 0.021899
192 16 0.023337
192 17 0.024776
192 18 0.026206
192 19 0.027637
192 20 0.029058
192 21 0.030481
192 22 0.031892
192 23 0.033305
192 24 0.034707
192 25 0.036110
192 26 0.037500
192 27 0.038892
192 28 0.040272
192 29 0.041653
192 30 0.043020
192 31 0.044389
192 32 0.045743
192 33 0.047100
192 34 0.048442
192 35 0.049786
192 36 0.051114
192 37 0.052446
192 38 0.053760
192 39 0.055078
192 40 0.056379
192 41 0.057684
192 42 0.058971
192 43 0.060261
192 44 0.061534
192 45 0.062811
192 46 0.064070
192 47 0.065334
192 48 0.066579
192 49 0.067829
192 50 0.069060
192 51 0.070296
192 52 0.071513
192 53 0.072736
192 54 0.073940
192 55 0.075150
192 56 0.076341
192 57 0.077538
192 58 0.078716
192 59 0.079901
192 60 0.081066
192 61 0.082239
192 62 0.083392
192 63 0.084553
192 64 0.085695
192 65 0.086845
192 66 0.087975
192 67 0.089114
192 68 0.090233
192 69 0.091362
192 70 0.092470
192 71 0.093589
192 72 0.094687
192 73 0.095796
192 74 0.096884
192 75 0.097984
192 76 0.099063
192 77 0.100152
192 78 0.101222
192 79 0.102303
192 80 0.103363
192 81 0.104434
192 82 0.105485
192 83 0.106547
192 84 0.107588
192 85 0.108640
192 86 0.109671
192 87 0.110713
192 88 0.111734
192 89 0.112765
192 90 0.113774
192 91 0.114793
192 92 0.115790
192 93 0.116796
192 94 0.117780
192 95 0.118772
192 96 0.119740
192 97 0.120716
192 98 0.121667
192 99 0.122624
192 100 0.123556
193 1 0.001305
193 2 0.002610
193 3 0.003914
193 4 0.005218
193 5 0.006521
193 6 0.007823
193 7 0.009123
193 8 0.010423
193 9 0.011719
193 10 0.013016
193 11 0.014308
193 12 0.015600
193 13 0.016887
193 14 0.018174
193 15 0.019455
193 16 0.020737
193 17 0.022011
193 18 0.023286
193 19 0.024553
193 20 0.025820
193 21 0.027079
193 22 0.028338
193 23 0.029589
193 24 0.030840
193 25 0.032080
193 26 0.033322
193 27 0.034553
193 28 0.035785
193 29 0.037005
193 30 0.038227
193 31 0.039437
193 32 0.040648
193 33 0.041846
193 34 0.043046
193 35 0.044233
193 36 0.045422
193 37 0.046596
193 38 0.047773
193 39 0.048936
193 40 0.050101
193 41 0.051251
193 42 0.052405
193 43 0.053542
193 44 0.054684
193 45 0.055809
193 46 0.056938
193 47 0.058051
193 48 0.059168
193 49 0.060268
193 50 0.061373
193 51 0.062462
193 52 0.063555
193 53 0.064631
193 54 0.065712
193 55 0.066777
193 56 0.067847
193 57 0.068900
193 58 0.069959
193 59 0.071000
193 60 0.072048
193 61 0.073079
193 62 0.074116
193 63 0.075136
193 64 0.076164
193 65 0.077173
193 66 0.078191
193 67 0.079191
193 68 0.080199
193 69 0.081189
193 70 0.082188
193 71 0.083169
193 72 0.084159
193 73 0.085131
193 74 0.086112
193 75 0.087076
193 76 0.088049
193 77 0.089004
193 78 0.089968
193 79 0.090915
193 80 0.091871
193 81 0.092809
193 82 0.093757
193 83 0.094687
193 84 0.095626
193 85 0.096547
193 86 0.097477
193 87 0.098389
193 88 0.099310
193 89 0.100211
193 90 0.101122
193 91 0.102013
193 92 0.102913
193 93 0.103792
193 94 0.104679
193 95 0.105546
193 96 0.106419
193 97 0.107271
193 98 0.108129
193 99 0.108965
193 100 0.109806
194 1 0.001142
194 2 0.002283
194 3 0.003424
194 4 0.004564
194 5 0.005704
194 6 0.006842
194 7 0.007980
194 8 0.009115
194 9 0.010251
194 10 0.011383
194 11 0.012515
194 12 0.013643
194 13 0.014771
194 14 0.015894
194 15 0.017018
194 16 0.018135
194 17 0.019253
194 18 0.020365
194 19 0.021477
194 20 0.022581
194 21 0.023687
194 22 0.024784
194 23 0.025882
194 24 0.026972
194 25 0.028062
194 26 0.029143
194 27 0.030225
194 28 0.031297
194 29 0.032371
194 30 0.033433
194 31 0.034498
194 32 0.035551
194 33 0.036606
194 34 0.037649
194 35 0.038694
194 36 0.039727
194 37 0.040762
194 38 0.041784
194 39 0.042809
194 40 0.043820
194 41 0.044835
194 42 0.045836
194 43 0.046839
194 44 0.047830
194 45 0.048823
194 46 0.049802
194 47 0.050785
194 48 0.051753
194 49 0.052725
194 50 0.053683
194 51 0.054645
194 52 0.055592
194 53 0.056543
194 54 0.057480
194 55 0.058421
194 56 0.059347
194 57 0.060279
194 58 0.061195
194 59 0.062117
194 60 0.063024
194 61 0.063937
194 62 0.064834
194 63 0.065737
194 64 0.066625
194 65 0.067520
194 66 0.068399
194 67 0.069286
194 68 0.070157
194 69 0.071035
194 70 0.071897
194 71 0.072768
194 72 0.073622
194 73 0.074485
194 74 0.075332
194 75 0.076187
194 76 0.077026
194 77 0.077874
194 78 0.078706
194 79 0.079546
194 80 0.080371
194 81 0.081204
194 82 0.082021
194 83 0.082846
194 84 0.083655
194 85 0.084473
194 86 0.085275
194 87 0.086084
194 88 0.086877
194 89 0.087678
194 90 0.088462
194 91 0.089254
194 92 0.090028
194 93 0.090809
194 94 0.091572
194 95 0.092342
194 96 0.093093
194 97 0.093849
194 98 0.094587
194 99 0.095329
194 100 0.096051
195 1 0.000978
195 2 0.001956
195 3 0.002933
195 4 0.003911
195 5 0.004887
195 6 0.005863
195 7 0.006837
195 8 0.007811
195 9 0.008782
195 10 0.009754
195 11 0.010722
195 12 0.011691
195 13 0.012655
195 14 0.013620
195 15 0.014580
195 16 0.015540
195 17 0.016495
195 18 0.017451
195 19 0.018400
195 20 0.019350
195 21 0.020294
195 22 0.021238
195 23 0.022175
195 24 0.023113
195 25 0.024043
195 26 0.024974
195 27 0.025896
195 28 0.026820
195 29 0.027735
195 30 0.028651
195 31 0.029557
195 32 0.030465
195 33 0.031364
195 34 0.032263
195 35 0.033153
195 36 0.034044
195 37 0.034925
195 38 0.035808
195 39 0.036680
195 40 0.037553
195 41 0.038416
195 42 0.039281
195 43 0.040134
195 44 0.040990
195 45 0.041834
195 46 0.042681
195 47 0.043515
195 48 0.044353
195 49 0.045179
195 50 0.046007
195 51 0.046824
195 52 0.047644
195 53 0.048451
195 54 0.049262
195 55 0.050061
195 56 0.050864
195 57 0.051653
195 58 0.052448
195 59 0.053229
195 60 0.054016
195 61 0.054789
195 62 0.055567
195 63 0.056332
195 64 0.057103
195 65 0.057861
195 66 0.058624
195 67 0.059374
195 68 0.060131
195 69 0.060874
195 70 0.061623
195 71 0.062359
195 72 0.063102
195 73 0.063831
195 74 0.064567
195 75 0.065290
195 76 0.066020
195 77 0.066736
195 78 0.067459
195 79 0.068169
195 80 0.068886
195 81 0.069590
195 82 0.070300
195 83 0.070997
195 84 0.071702
195 85 0.072392
195 86 0.073089
195 87 0.073772
195 88 0.074462
195 89 0.075138
195 90 0.075820
195 91 0.076487
195 92 0.077161
195 93 0.077819
195 94 0.078483
195 95 0.079132
195 96 0.079785
195 97 0.080423
195 98 0.081065
195 99 0.081690
195 100 0.082318
196 1 0.000815
196 2 0.001629
196 3 0.002444
196 4 0.003258
196 5 0.004071
196 6 0.004884
196 7 0.005696
196 8 0.006506
196 9 0.007317
196 10 0.008125
196 11 0.008933
196 12 0.009738
196 13 0.010544
196 14 0.011345
196 15 0.012147
196 16 0.012945
196 17 0.013743
196 18 0.014537
196 19 0.015330
196 20 0.016119
196 21 0.016908
196 22 0.017692
196 23 0.018475
196 24 0.019253
196 25 0.020032
196 26 0.020803
196 27 0.021576
196 28 0.022342
196 29 0.023108
196 30 0.023867
196 31 0.024627
196 32 0.025379
196 33 0.026132
196 34 0.026877
196 35 0.027623
196 36 0.028361
196 37 0.029100
196 38 0.029830
196 39 0.030562
196 40 0.031284
196 41 0.032009
196 42 0.032724
196 43 0.033441
196 44 0.034148
196 45 0.034857
196 46 0.035557
196 47 0.036258
196 48 0.036950
196 49 0.037645
196 50 0.038329
196 51 0.039016
196 52 0.039692
196 53 0.040372
196 54 0.041041
196 55 0.041714
196 56 0.042376
196 57 0.043041
196 58 0.043696
196 59 0.044355
196 60 0.045002
196 61 0.045654
196 62 0.046295
196 63 0.046941
196 64 0.047576
196 65 0.048215
196 66 0.048843
196 67 0.049477
196 68 0.050099
196 69 0.050726
196 70 0.051342
196 71 0.051964
196 72 0.052575
196 73 0.053191
196 74 0.053796
196 75 0.054407
196 76 0.055006
196 77 0.055612
196 78 0.056206
196 79 0.056806
196 80 0.057395
196 81 0.057990
196 82 0.058574
196 83 0.059163
196 84 0.059741
196 85 0.060325
196 86 0.060897
196 87 0.061475
196 88 0.062041
196 89 0.062612
196 90 0.063171
196 91 0.063736
196 92 0.064288
196 93 0.064845
196 94 0.065390
196 95 0.065938
196 96 0.066474
196 97 0.067013
196 98 0.067539
196 99 0.068068
196 100 0.068582
197 1 0.000652
197 2 0.001303
197 3 0.001954
197 4 0.002606
197 5 0.003256
197 6 0.003906
197 7 0.004555
197 8 0.005204
197 9 0.005852
197 10 0.006499
197 11 0.007144
197 12 0.007789
197 13 0.008432
197 14 0.009075
197 15 0.009715
197 16 0.010354
197 17 0.010991
197 18 0.011628
197 19 0.012260
197 20 0.012893
197 21 0.013522
197 22 0.014151
197 23 0.014776
197 24 0.015400
197 25 0.016020
197 26 0.016640
197 27 0.017255
197 28 0.017871
197 29 0.018481
197 30 0.019091
197 31 0.019695
197 32 0.020300
197 33 0.020899
197 34 0.021499
197 35 0.022092
197 36 0.022686
197 37 0.023273
197 38 0.023861
197 39 0.024442
197 40 0.025025
197 41 0.025600
197 42 0.026176
197 43 0.026745
197 44 0.027316
197 45 0.027878
197 46 0.028443
197 47 0.028999
197 48 0.029558
197 49 0.030108
197 50 0.030661
197 51 0.031205
197 52 0.031752
197 53 0.032290
197 54 0.032831
197 55 0.033363
197 56 0.033899
197 57 0.034425
197 58 0.034955
197 59 0.035476
197 60 0.036001
197 61 0.036516
197 62 0.037035
197 63 0.037545
197 64 0.038059
197 65 0.038565
197 66 0.039074
197 67 0.039574
197 68 0.040078
197 69 0.040574
197 70 0.041073
197 71 0.041564
197 72 0.042059
197 73 0.042546
197 74 0.043036
197 75 0.043518
197 76 0.044005
197 77 0.044482
197 78 0.044965
197 79 0.045438
197 80 0.045916
197 81 0.046385
197 82 0.046859
197 83 0.047323
197 84 0.047792
197 85 0.048252
197 86 0.048717
197 87 0.049172
197 88 0.049632
197 89 0.050082
197 90 0.050536
197 91 0.050980
197 92 0.051429
197 93 0.051867
197 94 0.052310
197 95 0.052741
197 96 0.053176
197 97 0.053600
197 98 0.054028
197 99 0.054443
197 100 0.054861
198 1 0.000489
198 2 0.000977
198 3 0.001466
198 4 0.001954
198 5 0.002442
198 6 0.002929
198 7 0.003416
198 8 0.003902
198 9 0.004388
198 10 0.004873
198 11 0.005358
198 12 0.005840
198 13 0.006323
198 14 0.006804
198 15 0.007285
198 16 0.007764
198 17 0.008242
198 18 0.008718
198 19 0.009194
198 20 0.009667
198 21 0.010141
198 22 0.010610
198 23 0.011081
198 24 0.011547
198 25 0.012014
198 26 0.012477
198 27 0.012940
198 28 0.013400
198 29 0.013859
198 30 0.014314
198 31 0.014770
198 32 0.015221
198 33 0.015673
198 34 0.016120
198 35 0.016568
198 36 0.017010
198 37 0.017454
198 38 0.017892
198 39 0.018331
198 40 0.018764
198 41 0.019199
198 42 0.019628
198 43 0.020058
198 44 0.020482
198 45 0.020908
198 46 0.021327
198 47 0.021749
198 48 0.022164
198 49 0.022580
198 50 0.022991
198 51 0.023403
198 52 0.023809
198 53 0.024217
198 54 0.024618
198 55 0.025022
198 56 0.025419
198 57 0.025819
198 58 0.026211
198 59 0.026607
198 60 0.026996
198 61 0.027387
198 62 0.027772
198 63 0.028159
198 64 0.028540
198 65 0.028923
198 66 0.029300
198 67 0.029681
198 68 0.030054
198 69 0.030430
198 70 0.030800
198 71 0.031173
198 72 0.031540
198 73 0.031910
198 74 0.032273
198 75 0.032639
198 76 0.032999
198 77 0.033362
198 78 0.033719
198 79 0.034079
198 80 0.034432
198 81 0.034789
198 82 0.035139
198 83 0.035493
198 84 0.035839
198 85 0.036189
198 86 0.036533
198 87 0.036879
198 88 0.037219
198 89 0.037561
198 90 0.037897
198 91 0.038235
198 92 0.038566
198 93 0.038900
198 94 0.039226
198 95 0.039555
198 96 0.039876
198 97 0.040199
198 98 0.040514
198 99 0.040831
198 100 0.041139
199 1 0.000326
199 2 0.000651
199 3 0.000977
199 4 0.001302
199 5 0.001627
199 6 0.001952
199 7 0.002277
199 8 0.002601
199 9 0.002925
199 10 0.003248
199 11 0.003571
199 12 0.003893
199 13 0.004215
199 14 0.004536
199 15 0.004856
199 16 0.005176
199 17 0.005494
199 18 0.005812
199 19 0.006128
199 20 0.006445
199 21 0.006759
199 22 0.007073
199 23 0.007385
199 24 0.007698
199 25 0.008008
199 26 0.008318
199 27 0.008625
199 28 0.008933
199 29 0.009238
199 30 0.009543
199 31 0.009845
199 32 0.010147
199 33 0.010447
199 34 0.010746
199 35 0.011043
199 36 0.011340
199 37 0.011633
199 38 0.011928
199 39 0.012218
199 40 0.012509
199 41 0.012797
199 42 0.013085
199 43 0.013369
199 44 0.013655
199 45 0.013936
199 46 0.014218
199 47 0.014496
199 48 0.014776
199 49 0.015051
199 50 0.015327
199 51 0.015599
199 52 0.015873
199 53 0.016142
199 54 0.016412
199 55 0.016679
199 56 0.016946
199 57 0.017210
199 58 0.017475
199 59 0.017735
199 60 0.017997
199 61 0.018255
199 62 0.018515
199 63 0.018770
199 64 0.019027
199 65 0.019280
199 66 0.019534
199 67 0.019784
199 68 0.020036
199 69 0.020284
199 70 0.020534
199 71 0.020780
199 72 0.021027
199 73 0.021270
199 74 0.021516
199 75 0.021757
199 76 0.022000
199 77 0.022239
199 78 0.022480
199 79 0.022717
199 80 0.022956
199 81 0.023190
199 82 0.023427
199 83 0.023659
199 84 0.023894
199 85 0.024123
199 86 0.024356
199 87 0.024583
199 88 0.024813
199 89 0.025038
199 90 0.025265
199 91 0.025487
199 92 0.025711
199 93 0.025930
199 94 0.026151
199 95 0.026367
199 96 0.026584
199 97 0.026796
199 98 0.027009
199 99 0.027217
199 100 0.027425
200 1 0.000163
200 2 0.000326
200 3 0.000488
200 4 0.000651
200 5 0.000814
200 6 0.000976
200 7 0.001138
200 8 0.001300
200 9 0.001462
200 10 0.001624
200 11 0.001785
200 12 0.001946
200 13 0.002107
200 14 0.002268
200 15 0.002428
200 16 0.002587
200 17 0.002747
200 18 0.002905
200 19 0.003064
200 20 0.003222
200 21 0.003379
200 22 0.003536
200 23 0.003693
200 24 0.003848
200 25 0.004004
200 26 0.004158
200 27 0.004313
200 28 0.004466
200 29 0.004619
200 30 0.004771
200 31 0.004922
200 32 0.005073
200 33 0.005223
200 34 0.005372
200 35 0.005522
200 36 0.005669
200 37 0.005817
200 38 0.005963
200 39 0.006109
200 40 0.006254
200 41 0.006399
200 42 0.006541
200 43 0.006685
200 44 0.006826
200 45 0.006968
200 46 0.007108
200 47 0.007248
200 48 0.007387
200 49 0.007526
200 50 0.007663
200 51 0.007800
200 52 0.007935
200 53 0.008071
200 54 0.008205
200 55 0.008340
200 56 0.008472
200 57 0.008605
200 58 0.008736
200 59 0.008868
200 60 0.008998
200 61 0.009128
200 62 0.009256
200 63 0.009385
200 64 0.009512
200 65 0.009640
200 66 0.009766
200 67 0.009893
200 68 0.010017
200 69 0.010143
200 70 0.010266
200 71 0.010390
200 72 0.010512
200 73 0.010636
200 74 0.010757
200 75 0.010879
200 76 0.010999
200 77 0.011120
200 78 0.011239
200 79 0.011359
200 80 0.011477
200 81 0.011596
200 82 0.011712
200 83 0.011830
200 84 0.011946
200 85 0.012062
200 86 0.012177
200 87 0.012292
200 88 0.012405
200 89 0.012519
200 90 0.012631
200 91 0.012744
200 92 0.012854
200 93 0.012965
200 94 0.013074
200 95 0.013184
200 96 0.013291
200 97 0.013398
200 98 0.013503
200 99 0.013609
200 100 0.013711
