76 176 0.000000
76 177 0.000000
76 178 0.000000
76 179 0.000000
76 180 0.000000
76 181 0.000000
76 182 0.000000
76 183 0.000000
76 184 0.000000
76 185 0.000000
76 186 0.000000
76 187 0.000000
76 188 0.000000
76 189 0.000000
76 190 0.000000
76 191 0.000000
76 192 0.000000
76 193 0.000000
76 194 0.000000
76 195 0.000000
76 196 0.000000
76 197 0.000000
76 198 0.000000
76 199 0.000000
76 200 0.000000
77 176 0.000000
77 177 0.000000
77 178 0.000000
77 179 0.000000
77 180 0.000000
77 181 0.000000
77 182 0.000000
77 183 0.000000
77 184 0.000000
77 185 0.000000
77 186 0.000000
77 187 0.000000
77 188 0.000000
77 189 0.000000
77 190 0.000000
77 191 0.000000
77 192 0.000000
77 193 0.000000
77 194 0.000000
77 195 0.000000
77 196 0.000000
77 197 0.000000
77 198 0.000000
77 199 0.000000
77 200 0.000000
78 176 0.000000
78 177 0.000000
78 178 0.000000
78 179 0.000000
78 180 0.000000
78 181 0.000000
78 182 0.000000
78 183 0.000000
78 184 0.000000
78 185 0.000000
78 186 0.000000
78 187 0.000000
78 188 0.000000
78 189 0.000000
78 190 0.000000
78 191 0.000000
78 192 0.000000
78 193 0.000000
78 194 0.000000
78 195 0.000000
78 196 0.000000
78 197 0.000000
78 198 0.000000
78 199 0.000000
78 200 0.000000
79 176 0.000000
79 177 0.000000
79 178 0.000000
79 179 0.000000
79 180 0.000000
79 181 0.000000
79 182 0.000000
79 183 0.000000
79 184 0.000000
79 185 0.000000
79 186 0.000000
79 187 0.000000
79 188 0.000000
79 189 0.000000
79 190 0.000000
79 191 0.000000
79 192 0.000000
79 193 0.000000
79 194 0.000000
79 195 0.000000
79 196 0.000000
79 197 0.000000
79 198 0.000000
79 199 0.000000
79 200 0.000000
80 176 0.000000
80 177 0.000000
80 178 0.000000
80 179 0.000000
80 180 0.000000
80 181 0.000000
80 182 0.000000
80 183 0.000000
80 184 0.000000
80 185 0.000000
80 186 0.000000
80 187 0.000000
80 188 0.000000
80 189 0.000000
80 190 0.000000
80 191 0.000000
80 192 0.000000
80 193 0.000000
80 194 0.000000
80 195 0.000000
80 196 0.000000
80 197 0.000000
80 198 0.000000
80 199 0.000000
80 200 0.000000
81 176 0.000000
81 177 0.000000
81 178 0.000000
81 179 0.000000
81 180 0.000000
81 181 0.000000
81 182 0.000000
81 183 0.000000
81 184 0.000000
81 185 0.000000
81 186 0.000000
81 187 0.000000
81 188 0.000000
81 189 0.000000
81 190 0.000000
81 191 0.000000
81 192 0.000000
81 193 0.000000
81 194 0.000000
81 195 0.000000
81 196 0.000000
81 197 0.000000
81 198 0.000000
81 199 0.000000
81 200 0.000000
82 176 0.000000
82 177 0.000000
82 178 0.000000
82 179 0.000000
82 180 0.000000
82 181 0.000000
82 182 0.000000
82 183 0.000000
82 184 0.000000
82 185 0.000000
82 186 0.000000
82 187 0.000000
82 188 0.000000
82 189 0.000000
82 190 0.000000
82 191 0.000000
82 192 0.000000
82 193 0.000000
82 194 0.000000
82 195 0.000000
82 196 0.000000
82 197 0.000000
82 198 0.000000
82 199 0.000000
82 200 0.000000
83 176 0.000000
83 177 0.000000
83 178 0.000000
83 179 0.000000
83 180 0.000000
83 181 0.000000
83 182 0.000000
83 183 0.000000
83 184 0.000000
83 185 0.000000
83 186 0.000000
83 187 0.000000
83 188 0.000000
83 189 0.000000
83 190 0.000000
83 191 0.000000
83 192 0.000000
83 193 0.000000
83 194 0.000000
83 195 0.000000
83 196 0.000000
83 197 0.000000
83 198 0.000000
83 199 0.000000
83 200 0.000000
84 176 0.000000
84 177 0.000000
84 178 0.000000
84 179 0.000000
84 180 0.000000
84 181 0.000000
84 182 0.000000
84 183 0.000000
84 184 0.000000
84 185 0.000000
84 186 0.000000
84 187 0.000000
84 188 0.000000
84 189 0.000000
84 190 0.000000
84 191 0.000000
84 192 0.000000
84 193 0.000000
84 194 0.000000
84 195 0.000000
84 196 0.000000
84 197 0.000000
84 198 0.000000
84 199 0.000000
84 200 0.000000
85 176 0.000000
85 177 0.000000
85 178 0.000000
85 179 0.000000
85 180 0.000000
85 181 0.000000
85 182 0.000000
85 183 0.000000
85 184 0.000000
85 185 0.000000
85 186 0.000000
85 187 0.000000
85 188 0.000000
85 189 0.000000
85 190 0.000000
85 191 0.000000
85 192 0.000000
85 193 0.000000
85 194 0.000000
85 195 0.000000
85 196 0.000000
85 197 0.000000
85 198 0.000000
85 199 0.000000
85 200 0.000000
86 176 0.000000
86 177 0.000000
86 178 0.000000
86 179 0.000000
86 180 0.000000
86 181 0.000000
86 182 0.000000
86 183 0.000000
86 184 0.000000
86 185 0.000000
86 186 0.000000
86 187 0.000000
86 188 0.000000
86 189 0.000000
86 190 0.000000
86 191 0.000000
86 192 0.000000
86 193 0.000000
86 194 0.000000
86 195 0.000000
86 196 0.000000
86 197 0.000000
86 198 0.000000
86 199 0.000000
86 200 0.000000
87 176 0.000000
87 177 0.000000
87 178 0.000000
87 179 0.000000
87 180 0.000000
87 181 0.000000
87 182 0.000000
87 183 0.000000
87 184 0.000000
87 185 0.000000
87 186 0.000000
87 187 0.000000
87 188 0.000000
87 189 0.000000
87 190 0.000000
87 191 0.000000
87 192 0.000000
87 193 0.000000
87 194 0.000000
87 195 0.000000
87 196 0.000000
87 197 0.000000
87 198 0.000000
87 199 0.000000
87 200 0.000000
88 176 0.000000
88 177 0.000000
88 178 0.000000
88 179 0.000000
88 180 0.000000
88 181 0.000000
88 182 0.000000
88 183 0.000000
88 184 0.000000
88 185 0.000000
88 186 0.000000
88 187 0.000000
88 188 0.000000
88 189 0.000000
88 190 0.000000
88 191 0.000000
88 192 0.000000
88 193 0.000000
88 194 0.000000
88 195 0.000000
88 196 0.000000
88 197 0.000000
88 198 0.000000
88 199 0.000000
88 200 0.000000
89 176 0.000000
89 177 0.000000
89 178 0.000000
89 179 0.000000
89 180 0.000000
89 181 0.000000
89 182 0.000000
89 183 0.000000
89 184 0.000000
89 185 0.000000
89 186 0.000000
89 187 0.000000
89 188 0.000000
89 189 0.000000
89 190 0.000000
89 191 0.000000
89 192 0.000000
89 193 0.000000
89 194 0.000000
89 195 0.000000
89 196 0.000000
89 197 0.000000
89 198 0.000000
89 199 0.000000
89 200 0.000000
90 176 0.000000
90 177 0.000000
90 178 0.000000
90 179 0.000000
90 180 0.000000
90 181 0.000000
90 182 0.000000
90 183 0.000000
90 184 0.000000
90 185 0.000000
90 186 0.000000
90 187 0.000000
90 188 0.000000
90 189 0.000000
90 190 0.000000
90 191 0.000000
90 192 0.000000
90 193 0.000000
90 194 0.000000
90 195 0.000000
90 196 0.000000
90 197 0.000000
90 198 0.000000
90 199 0.000000
90 200 0.000000
91 176 0.000000
91 177 0.000000
91 178 0.000000
91 179 0.000000
91 180 0.000000
91 181 0.000000
91 182 0.000000
91 183 0.000000
91 184 0.000000
91 185 0.000000
91 186 0.000000
91 187 0.000000
91 188 0.000000
91 189 0.000000
91 190 0.000000
91 191 0.000000
91 192 0.000000
91 193 0.000000
91 194 0.000000
91 195 0.000000
91 196 0.000000
91 197 0.000000
91 198 0.000000
91 199 0.000000
91 200 0.000000
92 176 0.000000
92 177 0.000000
92 178 0.000000
92 179 0.000000
92 180 0.000000
92 181 0.000000
92 182 0.000000
92 183 0.000000
92 184 0.000000
92 185 0.000000
92 186 0.000000
92 187 0.000000
92 188 0.000000
92 189 0.000000
92 190 0.000000
92 191 0.000000
92 192 0.000000
92 193 0.000000
92 194 0.000000
92 195 0.000000
92 196 0.000000
92 197 0.000000
92 198 0.000000
92 199 0.000000
92 200 0.000000
93 176 0.000000
93 177 0.000000
93 178 0.000000
93 179 0.000000
93 180 0.000000
93 181 0.000000
93 182 0.000000
93 183 0.000000
93 184 0.000000
93 185 0.000000
93 186 0.000000
93 187 0.000000
93 188 0.000000
93 189 0.000000
93 190 0.000000
93 191 0.000000
93 192 0.000000
93 193 0.000000
93 194 0.000000
93 195 0.000000
93 196 0.000000
93 197 0.000000
93 198 0.000000
93 199 0.000000
93 200 0.000000
94 176 0.000000
94 177 0.000000
94 178 0.000000
94 179 0.000000
94 180 0.000000
94 181 0.000000
94 182 0.000000
94 183 0.000000
94 184 0.000000
94 185 0.000000
94 186 0.000000
94 187 0.000000
94 188 0.000000
94 189 0.000000
94 190 0.000000
94 191 0.000000
94 192 0.000000
94 193 0.000000
94 194 0.000000
94 195 0.000000
94 196 0.000000
94 197 0.000000
94 198 0.000000
94 199 0.000000
94 200 0.000000
95 176 0.000000
95 177 0.000000
95 178 0.000000
95 179 0.000000
95 180 0.000000
95 181 0.000000
95 182 0.000000
95 183 0.000000
95 184 0.000000
95 185 0.000000
95 186 0.000000
95 187 0.000000
95 188 0.000000
95 189 0.000000
95 190 0.000000
95 191 0.000000
95 192 0.000000
95 193 0.000000
95 194 0.000000
95 195 0.000000
95 196 0.000000
95 197 0.000000
95 198 0.000000
95 199 0.000000
95 200 0.000000
96 176 0.000000
96 177 0.000000
96 178 0.000000
96 179 0.000000
96 180 0.000000
96 181 0.000000
96 182 0.000000
96 183 0.000000
96 184 0.000000
96 185 0.000000
96 186 0.000000
96 187 0.000000
96 188 0.000000
96 189 0.000000
96 190 0.000000
96 191 0.000000
96 192 0.000000
96 193 0.000000
96 194 0.000000
96 195 0.000000
96 196 0.000000
96 197 0.000000
96 198 0.000000
96 199 0.000000
96 200 0.000000
97 176 0.000000
97 177 0.000000
97 178 0.000000
97 179 0.000000
97 180 0.000000
97 181 0.000000
97 182 0.000000
97 183 0.000000
97 184 0.000000
97 185 0.000000
97 186 0.000000
97 187 0.000000
97 188 0.000000
97 189 0.000000
97 190 0.000000
97 191 0.000000
97 192 0.000000
97 193 0.000000
97 194 0.000000
97 195 0.000000
97 196 0.000000
97 197 0.000000
97 198 0.000000
97 199 0.000000
97 200 0.000000
98 176 0.000000
98 177 0.000000
98 178 0.000000
98 179 0.000000
98 180 0.000000
98 181 0.000000
98 182 0.000000
98 183 0.000000
98 184 0.000000
98 185 0.000000
98 186 0.000000
98 187 0.000000
98 188 0.000000
98 189 0.000000
98 190 0.000000
98 191 0.000000
98 192 0.000000
98 193 0.000000
98 194 0.000000
98 195 0.000000
98 196 0.000000
98 197 0.000000
98 198 0.000000
98 199 0.000000
98 200 0.000000
99 176 0.000000
99 177 0.000000
99 178 0.000000
99 179 0.000000
99 180 0.000000
99 181 0.000000
99 182 0.000000
99 183 0.000000
99 184 0.000000
99 185 0.000000
99 186 0.000000
99 187 0.000000
99 188 0.000000
99 189 0.000000
99 190 0.000000
99 191 0.000000
99 192 0.000000
99 193 0.000000
99 194 0.000000
99 195 0.000000
99 196 0.000000
99 197 0.000000
99 198 0.000000
99 199 0.000000
99 200 0.000000
100 176 0.000000
100 177 0.000000
100 178 0.000000
100 179 0.000000
100 180 0.000000
100 181 0.000000
100 182 0.000000
100 183 0.000000
100 184 0.000000
100 185 0.000000
100 186 0.000000
100 187 0.000000
100 188 0.000000
100 189 0.000000
100 190 0.000000
100 191 0.000000
100 192 0.000000
100 193 0.000000
100 194 0.000000
100 195 0.000000
100 196 0.000000
100 197 0.000000
100 198 0.000000
100 199 0.000000
100 200 0.000000
