151 101 0.000000
151 102 0.000000
151 103 0.000000
151 104 0.000000
151 105 0.000000
151 106 0.000000
151 107 0.000000
151 108 0.000000
151 109 0.000000
151 110 0.000000
151 111 0.000000
151 112 0.000000
151 113 0.000000
151 114 0.000000
151 115 0.000000
151 116 0.000000
151 117 0.000000
151 118 0.000000
151 119 0.000000
151 120 0.000000
151 121 0.000000
151 122 0.000000
151 123 0.000000
151 124 0.000000
151 125 0.000000
152 101 0.000000
152 102 0.000000
152 103 0.000000
152 104 0.000000
152 105 0.000000
152 106 0.000000
152 107 0.000000
152 108 0.000000
152 109 0.000000
152 110 0.000000
152 111 0.000000
152 112 0.000000
152 113 0.000000
152 114 0.000000
152 115 0.000000
152 116 0.000000
152 117 0.000000
152 118 0.000000
152 119 0.000000
152 120 0.000000
152 121 0.000000
152 122 0.000000
152 123 0.000000
152 124 0.000000
152 125 0.000000
153 101 0.000000
153 102 0.000000
153 103 0.000000
153 104 0.000000
153 105 0.000000
153 106 0.000000
153 107 0.000000
153 108 0.000000
153 109 0.000000
153 110 0.000000
153 111 0.000000
153 112 0.000000
153 113 0.000000
153 114 0.000000
153 115 0.000000
153 116 0.000000
153 117 0.000000
153 118 0.000000
153 119 0.000000
153 120 0.000000
153 121 0.000000
153 122 0.000000
153 123 0.000000
153 124 0.000000
153 125 0.000000
154 101 0.000000
154 102 0.000000
154 103 0.000000
154 104 0.000000
154 105 0.000000
154 106 0.000000
154 107 0.000000
154 108 0.000000
154 109 0.000000
154 110 0.000000
154 111 0.000000
154 112 0.000000
154 113 0.000000
154 114 0.000000
154 115 0.000000
154 116 0.000000
154 117 0.000000
154 118 0.000000
154 119 0.000000
154 120 0.000000
154 121 0.000000
154 122 0.000000
154 123 0.000000
154 124 0.000000
154 125 0.000000
155 101 0.000000
155 102 0.000000
155 103 0.000000
155 104 0.000000
155 105 0.000000
155 106 0.000000
155 107 0.000000
155 108 0.000000
155 109 0.000000
155 110 0.000000
155 111 0.000000
155 112 0.000000
155 113 0.000000
155 114 0.000000
155 115 0.000000
155 116 0.000000
155 117 0.000000
155 118 0.000000
155 119 0.000000
155 120 0.000000
155 121 0.000000
155 122 0.000000
155 123 0.000000
155 124 0.000000
155 125 0.000000
156 101 0.000000
156 102 0.000000
156 103 0.000000
156 104 0.000000
156 105 0.000000
156 106 0.000000
156 107 0.000000
156 108 0.000000
156 109 0.000000
156 110 0.000000
156 111 0.000000
156 112 0.000000
156 113 0.000000
156 114 0.000000
156 115 0.000000
156 116 0.000000
156 117 0.000000
156 118 0.000000
156 119 0.000000
156 120 0.000000
156 121 0.000000
156 122 0.000000
156 123 0.000000
156 124 0.000000
156 125 0.000000
157 101 0.000000
157 102 0.000000
157 103 0.000000
157 104 0.000000
157 105 0.000000
157 106 0.000000
157 107 0.000000
157 108 0.000000
157 109 0.000000
157 110 0.000000
157 111 0.000000
157 112 0.000000
157 113 0.000000
157 114 0.000000
157 115 0.000000
157 116 0.000000
157 117 0.000000
157 118 0.000000
157 119 0.000000
157 120 0.000000
157 121 0.000000
157 122 0.000000
157 123 0.000000
157 124 0.000000
157 125 0.000000
158 101 0.000000
158 102 0.000000
158 103 0.000000
158 104 0.000000
158 105 0.000000
158 106 0.000000
158 107 0.000000
158 108 0.000000
158 109 0.000000
158 110 0.000000
158 111 0.000000
158 112 0.000000
158 113 0.000000
158 114 0.000000
158 115 0.000000
158 116 0.000000
158 117 0.000000
158 118 0.000000
158 119 0.000000
158 120 0.000000
158 121 0.000000
158 122 0.000000
158 123 0.000000
158 124 0.000000
158 125 0.000000
159 101 0.000000
159 102 0.000000
159 103 0.000000
159 104 0.000000
159 105 0.000000
159 106 0.000000
159 107 0.000000
159 108 0.000000
159 109 0.000000
159 110 0.000000
159 111 0.000000
159 112 0.000000
159 113 0.000000
159 114 0.000000
159 115 0.000000
159 116 0.000000
159 117 0.000000
159 118 0.000000
159 119 0.000000
159 120 0.000000
159 121 0.000000
159 122 0.000000
159 123 0.000000
159 124 0.000000
159 125 0.000000
160 101 0.000000
160 102 0.000000
160 103 0.000000
160 104 0.000000
160 105 0.000000
160 106 0.000000
160 107 0.000000
160 108 0.000000
160 109 0.000000
160 110 0.000000
160 111 0.000000
160 112 0.000000
160 113 0.000000
160 114 0.000000
160 115 0.000000
160 116 0.000000
160 117 0.000000
160 118 0.000000
160 119 0.000000
160 120 0.000000
160 121 0.000000
160 122 0.000000
160 123 0.000000
160 124 0.000000
160 125 0.000000
161 101 0.000000
161 102 0.000000
161 103 0.000000
161 104 0.000000
161 105 0.000000
161 106 0.000000
161 107 0.000000
161 108 0.000000
161 109 0.000000
161 110 0.000000
161 111 0.000000
161 112 0.000000
161 113 0.000000
161 114 0.000000
161 115 0.000000
161 116 0.000000
161 117 0.000000
161 118 0.000000
161 119 0.000000
161 120 0.000000
161 121 0.000000
161 122 0.000000
161 123 0.000000
161 124 0.000000
161 125 0.000000
162 101 0.000000
162 102 0.000000
162 103 0.000000
162 104 0.000000
162 105 0.000000
162 106 0.000000
162 107 0.000000
162 108 0.000000
162 109 0.000000
162 110 0.000000
162 111 0.000000
162 112 0.000000
162 113 0.000000
162 114 0.000000
162 115 0.000000
162 116 0.000000
162 117 0.000000
162 118 0.000000
162 119 0.000000
162 120 0.000000
162 121 0.000000
162 122 0.000000
162 123 0.000000
162 124 0.000000
162 125 0.000000
163 101 0.000000
163 102 0.000000
163 103 0.000000
163 104 0.000000
163 105 0.000000
163 106 0.000000
163 107 0.000000
163 108 0.000000
163 109 0.000000
163 110 0.000000
163 111 0.000000
163 112 0.000000
163 113 0.000000
163 114 0.000000
163 115 0.000000
163 116 0.000000
163 117 0.000000
163 118 0.000000
163 119 0.000000
163 120 0.000000
163 121 0.000000
163 122 0.000000
163 123 0.000000
163 124 0.000000
163 125 0.000000
164 101 0.000000
164 102 0.000000
164 103 0.000000
164 104 0.000000
164 105 0.000000
164 106 0.000000
164 107 0.000000
164 108 0.000000
164 109 0.000000
164 110 0.000000
164 111 0.000000
164 112 0.000000
164 113 0.000000
164 114 0.000000
164 115 0.000000
164 116 0.000000
164 117 0.000000
164 118 0.000000
164 119 0.000000
164 120 0.000000
164 121 0.000000
164 122 0.000000
164 123 0.000000
164 124 0.000000
164 125 0.000000
165 101 0.000000
165 102 0.000000
165 103 0.000000
165 104 0.000000
165 105 0.000000
165 106 0.000000
165 107 0.000000
165 108 0.000000
165 109 0.000000
165 110 0.000000
165 111 0.000000
165 112 0.000000
165 113 0.000000
165 114 0.000000
165 115 0.000000
165 116 0.000000
165 117 0.000000
165 118 0.000000
165 119 0.000000
165 120 0.000000
165 121 0.000000
165 122 0.000000
165 123 0.000000
165 124 0.000000
165 125 0.000000
166 101 0.000000
166 102 0.000000
166 103 0.000000
166 104 0.000000
166 105 0.000000
166 106 0.000000
166 107 0.000000
166 108 0.000000
166 109 0.000000
166 110 0.000000
166 111 0.000000
166 112 0.000000
166 113 0.000000
166 114 0.000000
166 115 0.000000
166 116 0.000000
166 117 0.000000
166 118 0.000000
166 119 0.000000
166 120 0.000000
166 121 0.000000
166 122 0.000000
166 123 0.000000
166 124 0.000000
166 125 0.000000
167 101 0.000000
167 102 0.000000
167 103 0.000000
167 104 0.000000
167 105 0.000000
167 106 0.000000
167 107 0.000000
167 108 0.000000
167 109 0.000000
167 110 0.000000
167 111 0.000000
167 112 0.000000
167 113 0.000000
167 114 0.000000
167 115 0.000000
167 116 0.000000
167 117 0.000000
167 118 0.000000
167 119 0.000000
167 120 0.000000
167 121 0.000000
167 122 0.000000
167 123 0.000000
167 124 0.000000
167 125 0.000000
168 101 0.000000
168 102 0.000000
168 103 0.000000
168 104 0.000000
168 105 0.000000
168 106 0.000000
168 107 0.000000
168 108 0.000000
168 109 0.000000
168 110 0.000000
168 111 0.000000
168 112 0.000000
168 113 0.000000
168 114 0.000000
168 115 0.000000
168 116 0.000000
168 117 0.000000
168 118 0.000000
168 119 0.000000
168 120 0.000000
168 121 0.000000
168 122 0.000000
168 123 0.000000
168 124 0.000000
168 125 0.000000
169 101 0.000000
169 102 0.000000
169 103 0.000000
169 104 0.000000
169 105 0.000000
169 106 0.000000
169 107 0.000000
169 108 0.000000
169 109 0.000000
169 110 0.000000
169 111 0.000000
169 112 0.000000
169 113 0.000000
169 114 0.000000
169 115 0.000000
169 116 0.000000
169 117 0.000000
169 118 0.000000
169 119 0.000000
169 120 0.000000
169 121 0.000000
169 122 0.000000
169 123 0.000000
169 124 0.000000
169 125 0.000000
170 101 0.000000
170 102 0.000000
170 103 0.000000
170 104 0.000000
170 105 0.000000
170 106 0.000000
170 107 0.000000
170 108 0.000000
170 109 0.000000
170 110 0.000000
170 111 0.000000
170 112 0.000000
170 113 0.000000
170 114 0.000000
170 115 0.000000
170 116 0.000000
170 117 0.000000
170 118 0.000000
170 119 0.000000
170 120 0.000000
170 121 0.000000
170 122 0.000000
170 123 0.000000
170 124 0.000000
170 125 0.000000
171 101 0.000000
171 102 0.000000
171 103 0.000000
171 104 0.000000
171 105 0.000000
171 106 0.000000
171 107 0.000000
171 108 0.000000
171 109 0.000000
171 110 0.000000
171 111 0.000000
171 112 0.000000
171 113 0.000000
171 114 0.000000
171 115 0.000000
171 116 0.000000
171 117 0.000000
171 118 0.000000
171 119 0.000000
171 120 0.000000
171 121 0.000000
171 122 0.000000
171 123 0.000000
171 124 0.000000
171 125 0.000000
172 101 0.000000
172 102 0.000000
172 103 0.000000
172 104 0.000000
172 105 0.000000
172 106 0.000000
172 107 0.000000
172 108 0.000000
172 109 0.000000
172 110 0.000000
172 111 0.000000
172 112 0.000000
172 113 0.000000
172 114 0.000000
172 115 0.000000
172 116 0.000000
172 117 0.000000
172 118 0.000000
172 119 0.000000
172 120 0.000000
172 121 0.000000
172 122 0.000000
172 123 0.000000
172 124 0.000000
172 125 0.000000
173 101 0.000000
173 102 0.000000
173 103 0.000000
173 104 0.000000
173 105 0.000000
173 106 0.000000
173 107 0.000000
173 108 0.000000
173 109 0.000000
173 110 0.000000
173 111 0.000000
173 112 0.000000
173 113 0.000000
173 114 0.000000
173 115 0.000000
173 116 0.000000
173 117 0.000000
173 118 0.000000
173 119 0.000000
173 120 0.000000
173 121 0.000000
173 122 0.000000
173 123 0.000000
173 124 0.000000
173 125 0.000000
174 101 0.000000
174 102 0.000000
174 103 0.000000
174 104 0.000000
174 105 0.000000
174 106 0.000000
174 107 0.000000
174 108 0.000000
174 109 0.000000
174 110 0.000000
174 111 0.000000
174 112 0.000000
174 113 0.000000
174 114 0.000000
174 115 0.000000
174 116 0.000000
174 117 0.000000
174 118 0.000000
174 119 0.000000
174 120 0.000000
174 121 0.000000
174 122 0.000000
174 123 0.000000
174 124 0.000000
174 125 0.000000
175 101 0.000000
175 102 0.000000
175 103 0.000000
175 104 0.000000
175 105 0.000000
175 106 0.000000
175 107 0.000000
175 108 0.000000
175 109 0.000000
175 110 0.000000
175 111 0.000000
175 112 0.000000
175 113 0.000000
175 114 0.000000
175 115 0.000000
175 116 0.000000
175 117 0.000000
175 118 0.000000
175 119 0.000000
175 120 0.000000
175 121 0.000000
175 122 0.000000
175 123 0.000000
175 124 0.000000
175 125 0.000000
