101 126 0.000000
101 127 0.000000
101 128 0.000000
101 129 0.000000
101 130 0.000000
101 131 0.000000
101 132 0.000000
101 133 0.000000
101 134 0.000000
101 135 0.000000
101 136 0.000000
101 137 0.000000
101 138 0.000000
101 139 0.000000
101 140 0.000000
101 141 0.000000
101 142 0.000000
101 143 0.000000
101 144 0.000000
101 145 0.000000
101 146 0.000000
101 147 0.000000
101 148 0.000000
101 149 0.000000
101 150 0.000000
102 126 0.000000
102 127 0.000000
102 128 0.000000
102 129 0.000000
102 130 0.000000
102 131 0.000000
102 132 0.000000
102 133 0.000000
102 134 0.000000
102 135 0.000000
102 136 0.000000
102 137 0.000000
102 138 0.000000
102 139 0.000000
102 140 0.000000
102 141 0.000000
102 142 0.000000
102 143 0.000000
102 144 0.000000
102 145 0.000000
102 146 0.000000
102 147 0.000000
102 148 0.000000
102 149 0.000000
102 150 0.000000
103 126 0.000000
103 127 0.000000
103 128 0.000000
103 129 0.000000
103 130 0.000000
103 131 0.000000
103 132 0.000000
103 133 0.000000
103 134 0.000000
103 135 0.000000
103 136 0.000000
103 137 0.000000
103 138 0.000000
103 139 0.000000
103 140 0.000000
103 141 0.000000
103 142 0.000000
103 143 0.000000
103 144 0.000000
103 145 0.000000
103 146 0.000000
103 147 0.000000
103 148 0.000000
103 149 0.000000
103 150 0.000000
104 126 0.000000
104 127 0.000000
104 128 0.000000
104 129 0.000000
104 130 0.000000
104 131 0.000000
104 132 0.000000
104 133 0.000000
104 134 0.000000
104 135 0.000000
104 136 0.000000
104 137 0.000000
104 138 0.000000
104 139 0.000000
104 140 0.000000
104 141 0.000000
104 142 0.000000
104 143 0.000000
104 144 0.000000
104 145 0.000000
104 146 0.000000
104 147 0.000000
104 148 0.000000
104 149 0.000000
104 150 0.000000
105 126 0.000000
105 127 0.000000
105 128 0.000000
105 129 0.000000
105 130 0.000000
105 131 0.000000
105 132 0.000000
105 133 0.000000
105 134 0.000000
105 135 0.000000
105 136 0.000000
105 137 0.000000
105 138 0.000000
105 139 0.000000
105 140 0.000000
105 141 0.000000
105 142 0.000000
105 143 0.000000
105 144 0.000000
105 145 0.000000
105 146 0.000000
105 147 0.000000
105 148 0.000000
105 149 0.000000
105 150 0.000000
106 126 0.000000
106 127 0.000000
106 128 0.000000
106 129 0.000000
106 130 0.000000
106 131 0.000000
106 132 0.000000
106 133 0.000000
106 134 0.000000
106 135 0.000000
106 136 0.000000
106 137 0.000000
106 138 0.000000
106 139 0.000000
106 140 0.000000
106 141 0.000000
106 142 0.000000
106 143 0.000000
106 144 0.000000
106 145 0.000000
106 146 0.000000
106 147 0.000000
106 148 0.000000
106 149 0.000000
106 150 0.000000
107 126 0.000000
107 127 0.000000
107 128 0.000000
107 129 0.000000
107 130 0.000000
107 131 0.000000
107 132 0.000000
107 133 0.000000
107 134 0.000000
107 135 0.000000
107 136 0.000000
107 137 0.000000
107 138 0.000000
107 139 0.000000
107 140 0.000000
107 141 0.000000
107 142 0.000000
107 143 0.000000
107 144 0.000000
107 145 0.000000
107 146 0.000000
107 147 0.000000
107 148 0.000000
107 149 0.000000
107 150 0.000000
108 126 0.000000
108 127 0.000000
108 128 0.000000
108 129 0.000000
108 130 0.000000
108 131 0.000000
108 132 0.000000
108 133 0.000000
108 134 0.000000
108 135 0.000000
108 136 0.000000
108 137 0.000000
108 138 0.000000
108 139 0.000000
108 140 0.000000
108 141 0.000000
108 142 0.000000
108 143 0.000000
108 144 0.000000
108 145 0.000000
108 146 0.000000
108 147 0.000000
108 148 0.000000
108 149 0.000000
108 150 0.000000
109 126 0.000000
109 127 0.000000
109 128 0.000000
109 129 0.000000
109 130 0.000000
109 131 0.000000
109 132 0.000000
109 133 0.000000
109 134 0.000000
109 135 0.000000
109 136 0.000000
109 137 0.000000
109 138 0.000000
109 139 0.000000
109 140 0.000000
109 141 0.000000
109 142 0.000000
109 143 0.000000
109 144 0.000000
109 145 0.000000
109 146 0.000000
109 147 0.000000
109 148 0.000000
109 149 0.000000
109 150 0.000000
110 126 0.000000
110 127 0.000000
110 128 0.000000
110 129 0.000000
110 130 0.000000
110 131 0.000000
110 132 0.000000
110 133 0.000000
110 134 0.000000
110 135 0.000000
110 136 0.000000
110 137 0.000000
110 138 0.000000
110 139 0.000000
110 140 0.000000
110 141 0.000000
110 142 0.000000
110 143 0.000000
110 144 0.000000
110 145 0.000000
110 146 0.000000
110 147 0.000000
110 148 0.000000
110 149 0.000000
110 150 0.000000
111 126 0.000000
111 127 0.000000
111 128 0.000000
111 129 0.000000
111 130 0.000000
111 131 0.000000
111 132 0.000000
111 133 0.000000
111 134 0.000000
111 135 0.000000
111 136 0.000000
111 137 0.000000
111 138 0.000000
111 139 0.000000
111 140 0.000000
111 141 0.000000
111 142 0.000000
111 143 0.000000
111 144 0.000000
111 145 0.000000
111 146 0.000000
111 147 0.000000
111 148 0.000000
111 149 0.000000
111 150 0.000000
112 126 0.000000
112 127 0.000000
112 128 0.000000
112 129 0.000000
112 130 0.000000
112 131 0.000000
112 132 0.000000
112 133 0.000000
112 134 0.000000
112 135 0.000000
112 136 0.000000
112 137 0.000000
112 138 0.000000
112 139 0.000000
112 140 0.000000
112 141 0.000000
112 142 0.000000
112 143 0.000000
112 144 0.000000
112 145 0.000000
112 146 0.000000
112 147 0.000000
112 148 0.000000
112 149 0.000000
112 150 0.000000
113 126 0.000000
113 127 0.000000
113 128 0.000000
113 129 0.000000
113 130 0.000000
113 131 0.000000
113 132 0.000000
113 133 0.000000
113 134 0.000000
113 135 0.000000
113 136 0.000000
113 137 0.000000
113 138 0.000000
113 139 0.000000
113 140 0.000000
113 141 0.000000
113 142 0.000000
113 143 0.000000
113 144 0.000000
113 145 0.000000
113 146 0.000000
113 147 0.000000
113 148 0.000000
113 149 0.000000
113 150 0.000000
114 126 0.000000
114 127 0.000000
114 128 0.000000
114 129 0.000000
114 130 0.000000
114 131 0.000000
114 132 0.000000
114 133 0.000000
114 134 0.000000
114 135 0.000000
114 136 0.000000
114 137 0.000000
114 138 0.000000
114 139 0.000000
114 140 0.000000
114 141 0.000000
114 142 0.000000
114 143 0.000000
114 144 0.000000
114 145 0.000000
114 146 0.000000
114 147 0.000000
114 148 0.000000
114 149 0.000000
114 150 0.000000
115 126 0.000000
115 127 0.000000
115 128 0.000000
115 129 0.000000
115 130 0.000000
115 131 0.000000
115 132 0.000000
115 133 0.000000
115 134 0.000000
115 135 0.000000
115 136 0.000000
115 137 0.000000
115 138 0.000000
115 139 0.000000
115 140 0.000000
115 141 0.000000
115 142 0.000000
115 143 0.000000
115 144 0.000000
115 145 0.000000
115 146 0.000000
115 147 0.000000
115 148 0.000000
115 149 0.000000
115 150 0.000000
116 126 0.000000
116 127 0.000000
116 128 0.000000
116 129 0.000000
116 130 0.000000
116 131 0.000000
116 132 0.000000
116 133 0.000000
116 134 0.000000
116 135 0.000000
116 136 0.000000
116 137 0.000000
116 138 0.000000
116 139 0.000000
116 140 0.000000
116 141 0.000000
116 142 0.000000
116 143 0.000000
116 144 0.000000
116 145 0.000000
116 146 0.000000
116 147 0.000000
116 148 0.000000
116 149 0.000000
116 150 0.000000
117 126 0.000000
117 127 0.000000
117 128 0.000000
117 129 0.000000
117 130 0.000000
117 131 0.000000
117 132 0.000000
117 133 0.000000
117 134 0.000000
117 135 0.000000
117 136 0.000000
117 137 0.000000
117 138 0.000000
117 139 0.000000
117 140 0.000000
117 141 0.000000
117 142 0.000000
117 143 0.000000
117 144 0.000000
117 145 0.000000
117 146 0.000000
117 147 0.000000
117 148 0.000000
117 149 0.000000
117 150 0.000000
118 126 0.000000
118 127 0.000000
118 128 0.000000
118 129 0.000000
118 130 0.000000
118 131 0.000000
118 132 0.000000
118 133 0.000000
118 134 0.000000
118 135 0.000000
118 136 0.000000
118 137 0.000000
118 138 0.000000
118 139 0.000000
118 140 0.000000
118 141 0.000000
118 142 0.000000
118 143 0.000000
118 144 0.000000
118 145 0.000000
118 146 0.000000
118 147 0.000000
118 148 0.000000
118 149 0.000000
118 150 0.000000
119 126 0.000000
119 127 0.000000
119 128 0.000000
119 129 0.000000
119 130 0.000000
119 131 0.000000
119 132 0.000000
119 133 0.000000
119 134 0.000000
119 135 0.000000
119 136 0.000000
119 137 0.000000
119 138 0.000000
119 139 0.000000
119 140 0.000000
119 141 0.000000
119 142 0.000000
119 143 0.000000
119 144 0.000000
119 145 0.000000
119 146 0.000000
119 147 0.000000
119 148 0.000000
119 149 0.000000
119 150 0.000000
120 126 0.000000
120 127 0.000000
120 128 0.000000
120 129 0.000000
120 130 0.000000
120 131 0.000000
120 132 0.000000
120 133 0.000000
120 134 0.000000
120 135 0.000000
120 136 0.000000
120 137 0.000000
120 138 0.000000
120 139 0.000000
120 140 0.000000
120 141 0.000000
120 142 0.000000
120 143 0.000000
120 144 0.000000
120 145 0.000000
120 146 0.000000
120 147 0.000000
120 148 0.000000
120 149 0.000000
120 150 0.000000
121 126 0.000000
121 127 0.000000
121 128 0.000000
121 129 0.000000
121 130 0.000000
121 131 0.000000
121 132 0.000000
121 133 0.000000
121 134 0.000000
121 135 0.000000
121 136 0.000000
121 137 0.000000
121 138 0.000000
121 139 0.000000
121 140 0.000000
121 141 0.000000
121 142 0.000000
121 143 0.000000
121 144 0.000000
121 145 0.000000
121 146 0.000000
121 147 0.000000
121 148 0.000000
121 149 0.000000
121 150 0.000000
122 126 0.000000
122 127 0.000000
122 128 0.000000
122 129 0.000000
122 130 0.000000
122 131 0.000000
122 132 0.000000
122 133 0.000000
122 134 0.000000
122 135 0.000000
122 136 0.000000
122 137 0.000000
122 138 0.000000
122 139 0.000000
122 140 0.000000
122 141 0.000000
122 142 0.000000
122 143 0.000000
122 144 0.000000
122 145 0.000000
122 146 0.000000
122 147 0.000000
122 148 0.000000
122 149 0.000000
122 150 0.000000
123 126 0.000000
123 127 0.000000
123 128 0.000000
123 129 0.000000
123 130 0.000000
123 131 0.000000
123 132 0.000000
123 133 0.000000
123 134 0.000000
123 135 0.000000
123 136 0.000000
123 137 0.000000
123 138 0.000000
123 139 0.000000
123 140 0.000000
123 141 0.000000
123 142 0.000000
123 143 0.000000
123 144 0.000000
123 145 0.000000
123 146 0.000000
123 147 0.000000
123 148 0.000000
123 149 0.000000
123 150 0.000000
124 126 0.000000
124 127 0.000000
124 128 0.000000
124 129 0.000000
124 130 0.000000
124 131 0.000000
124 132 0.000000
124 133 0.000000
124 134 0.000000
124 135 0.000000
124 136 0.000000
124 137 0.000000
124 138 0.000000
124 139 0.000000
124 140 0.000000
124 141 0.000000
124 142 0.000000
124 143 0.000000
124 144 0.000000
124 145 0.000000
124 146 0.000000
124 147 0.000000
124 148 0.000000
124 149 0.000000
124 150 0.000000
125 126 0.000000
125 127 0.000000
125 128 0.000000
125 129 0.000000
125 130 0.000000
125 131 0.000000
125 132 0.000000
125 133 0.000000
125 134 0.000000
125 135 0.000000
125 136 0.000000
125 137 0.000000
125 138 0.000000
125 139 0.000000
125 140 0.000000
125 141 0.000000
125 142 0.000000
125 143 0.000000
125 144 0.000000
125 145 0.000000
125 146 0.000000
125 147 0.000000
125 148 0.000000
125 149 0.000000
125 150 0.000000
