101 176 0.000000
101 177 0.000000
101 178 0.000000
101 179 0.000000
101 180 0.000000
101 181 0.000000
101 182 0.000000
101 183 0.000000
101 184 0.000000
101 185 0.000000
101 186 0.000000
101 187 0.000000
101 188 0.000000
101 189 0.000000
101 190 0.000000
101 191 0.000000
101 192 0.000000
101 193 0.000000
101 194 0.000000
101 195 0.000000
101 196 0.000000
101 197 0.000000
101 198 0.000000
101 199 0.000000
101 200 0.000000
102 176 0.000000
102 177 0.000000
102 178 0.000000
102 179 0.000000
102 180 0.000000
102 181 0.000000
102 182 0.000000
102 183 0.000000
102 184 0.000000
102 185 0.000000
102 186 0.000000
102 187 0.000000
102 188 0.000000
102 189 0.000000
102 190 0.000000
102 191 0.000000
102 192 0.000000
102 193 0.000000
102 194 0.000000
102 195 0.000000
102 196 0.000000
102 197 0.000000
102 198 0.000000
102 199 0.000000
102 200 0.000000
103 176 0.000000
103 177 0.000000
103 178 0.000000
103 179 0.000000
103 180 0.000000
103 181 0.000000
103 182 0.000000
103 183 0.000000
103 184 0.000000
103 185 0.000000
103 186 0.000000
103 187 0.000000
103 188 0.000000
103 189 0.000000
103 190 0.000000
103 191 0.000000
103 192 0.000000
103 193 0.000000
103 194 0.000000
103 195 0.000000
103 196 0.000000
103 197 0.000000
103 198 0.000000
103 199 0.000000
103 200 0.000000
104 176 0.000000
104 177 0.000000
104 178 0.000000
104 179 0.000000
104 180 0.000000
104 181 0.000000
104 182 0.000000
104 183 0.000000
104 184 0.000000
104 185 0.000000
104 186 0.000000
104 187 0.000000
104 188 0.000000
104 189 0.000000
104 190 0.000000
104 191 0.000000
104 192 0.000000
104 193 0.000000
104 194 0.000000
104 195 0.000000
104 196 0.000000
104 197 0.000000
104 198 0.000000
104 199 0.000000
104 200 0.000000
105 176 0.000000
105 177 0.000000
105 178 0.000000
105 179 0.000000
105 180 0.000000
105 181 0.000000
105 182 0.000000
105 183 0.000000
105 184 0.000000
105 185 0.000000
105 186 0.000000
105 187 0.000000
105 188 0.000000
105 189 0.000000
105 190 0.000000
105 191 0.000000
105 192 0.000000
105 193 0.000000
105 194 0.000000
105 195 0.000000
105 196 0.000000
105 197 0.000000
105 198 0.000000
105 199 0.000000
105 200 0.000000
106 176 0.000000
106 177 0.000000
106 178 0.000000
106 179 0.000000
106 180 0.000000
106 181 0.000000
106 182 0.000000
106 183 0.000000
106 184 0.000000
106 185 0.000000
106 186 0.000000
106 187 0.000000
106 188 0.000000
106 189 0.000000
106 190 0.000000
106 191 0.000000
106 192 0.000000
106 193 0.000000
106 194 0.000000
106 195 0.000000
106 196 0.000000
106 197 0.000000
106 198 0.000000
106 199 0.000000
106 200 0.000000
107 176 0.000000
107 177 0.000000
107 178 0.000000
107 179 0.000000
107 180 0.000000
107 181 0.000000
107 182 0.000000
107 183 0.000000
107 184 0.000000
107 185 0.000000
107 186 0.000000
107 187 0.000000
107 188 0.000000
107 189 0.000000
107 190 0.000000
107 191 0.000000
107 192 0.000000
107 193 0.000000
107 194 0.000000
107 195 0.000000
107 196 0.000000
107 197 0.000000
107 198 0.000000
107 199 0.000000
107 200 0.000000
108 176 0.000000
108 177 0.000000
108 178 0.000000
108 179 0.000000
108 180 0.000000
108 181 0.000000
108 182 0.000000
108 183 0.000000
108 184 0.000000
108 185 0.000000
108 186 0.000000
108 187 0.000000
108 188 0.000000
108 189 0.000000
108 190 0.000000
108 191 0.000000
108 192 0.000000
108 193 0.000000
108 194 0.000000
108 195 0.000000
108 196 0.000000
108 197 0.000000
108 198 0.000000
108 199 0.000000
108 200 0.000000
109 176 0.000000
109 177 0.000000
109 178 0.000000
109 179 0.000000
109 180 0.000000
109 181 0.000000
109 182 0.000000
109 183 0.000000
109 184 0.000000
109 185 0.000000
109 186 0.000000
109 187 0.000000
109 188 0.000000
109 189 0.000000
109 190 0.000000
109 191 0.000000
109 192 0.000000
109 193 0.000000
109 194 0.000000
109 195 0.000000
109 196 0.000000
109 197 0.000000
109 198 0.000000
109 199 0.000000
109 200 0.000000
110 176 0.000000
110 177 0.000000
110 178 0.000000
110 179 0.000000
110 180 0.000000
110 181 0.000000
110 182 0.000000
110 183 0.000000
110 184 0.000000
110 185 0.000000
110 186 0.000000
110 187 0.000000
110 188 0.000000
110 189 0.000000
110 190 0.000000
110 191 0.000000
110 192 0.000000
110 193 0.000000
110 194 0.000000
110 195 0.000000
110 196 0.000000
110 197 0.000000
110 198 0.000000
110 199 0.000000
110 200 0.000000
111 176 0.000000
111 177 0.000000
111 178 0.000000
111 179 0.000000
111 180 0.000000
111 181 0.000000
111 182 0.000000
111 183 0.000000
111 184 0.000000
111 185 0.000000
111 186 0.000000
111 187 0.000000
111 188 0.000000
111 189 0.000000
111 190 0.000000
111 191 0.000000
111 192 0.000000
111 193 0.000000
111 194 0.000000
111 195 0.000000
111 196 0.000000
111 197 0.000000
111 198 0.000000
111 199 0.000000
111 200 0.000000
112 176 0.000000
112 177 0.000000
112 178 0.000000
112 179 0.000000
112 180 0.000000
112 181 0.000000
112 182 0.000000
112 183 0.000000
112 184 0.000000
112 185 0.000000
112 186 0.000000
112 187 0.000000
112 188 0.000000
112 189 0.000000
112 190 0.000000
112 191 0.000000
112 192 0.000000
112 193 0.000000
112 194 0.000000
112 195 0.000000
112 196 0.000000
112 197 0.000000
112 198 0.000000
112 199 0.000000
112 200 0.000000
113 176 0.000000
113 177 0.000000
113 178 0.000000
113 179 0.000000
113 180 0.000000
113 181 0.000000
113 182 0.000000
113 183 0.000000
113 184 0.000000
113 185 0.000000
113 186 0.000000
113 187 0.000000
113 188 0.000000
113 189 0.000000
113 190 0.000000
113 191 0.000000
113 192 0.000000
113 193 0.000000
113 194 0.000000
113 195 0.000000
113 196 0.000000
113 197 0.000000
113 198 0.000000
113 199 0.000000
113 200 0.000000
114 176 0.000000
114 177 0.000000
114 178 0.000000
114 179 0.000000
114 180 0.000000
114 181 0.000000
114 182 0.000000
114 183 0.000000
114 184 0.000000
114 185 0.000000
114 186 0.000000
114 187 0.000000
114 188 0.000000
114 189 0.000000
114 190 0.000000
114 191 0.000000
114 192 0.000000
114 193 0.000000
114 194 0.000000
114 195 0.000000
114 196 0.000000
114 197 0.000000
114 198 0.000000
114 199 0.000000
114 200 0.000000
115 176 0.000000
115 177 0.000000
115 178 0.000000
115 179 0.000000
115 180 0.000000
115 181 0.000000
115 182 0.000000
115 183 0.000000
115 184 0.000000
115 185 0.000000
115 186 0.000000
115 187 0.000000
115 188 0.000000
115 189 0.000000
115 190 0.000000
115 191 0.000000
115 192 0.000000
115 193 0.000000
115 194 0.000000
115 195 0.000000
115 196 0.000000
115 197 0.000000
115 198 0.000000
115 199 0.000000
115 200 0.000000
116 176 0.000000
116 177 0.000000
116 178 0.000000
116 179 0.000000
116 180 0.000000
116 181 0.000000
116 182 0.000000
116 183 0.000000
116 184 0.000000
116 185 0.000000
116 186 0.000000
116 187 0.000000
116 188 0.000000
116 189 0.000000
116 190 0.000000
116 191 0.000000
116 192 0.000000
116 193 0.000000
116 194 0.000000
116 195 0.000000
116 196 0.000000
116 197 0.000000
116 198 0.000000
116 199 0.000000
116 200 0.000000
117 176 0.000000
117 177 0.000000
117 178 0.000000
117 179 0.000000
117 180 0.000000
117 181 0.000000
117 182 0.000000
117 183 0.000000
117 184 0.000000
117 185 0.000000
117 186 0.000000
117 187 0.000000
117 188 0.000000
117 189 0.000000
117 190 0.000000
117 191 0.000000
117 192 0.000000
117 193 0.000000
117 194 0.000000
117 195 0.000000
117 196 0.000000
117 197 0.000000
117 198 0.000000
117 199 0.000000
117 200 0.000000
118 176 0.000000
118 177 0.000000
118 178 0.000000
118 179 0.000000
118 180 0.000000
118 181 0.000000
118 182 0.000000
118 183 0.000000
118 184 0.000000
118 185 0.000000
118 186 0.000000
118 187 0.000000
118 188 0.000000
118 189 0.000000
118 190 0.000000
118 191 0.000000
118 192 0.000000
118 193 0.000000
118 194 0.000000
118 195 0.000000
118 196 0.000000
118 197 0.000000
118 198 0.000000
118 199 0.000000
118 200 0.000000
119 176 0.000000
119 177 0.000000
119 178 0.000000
119 179 0.000000
119 180 0.000000
119 181 0.000000
119 182 0.000000
119 183 0.000000
119 184 0.000000
119 185 0.000000
119 186 0.000000
119 187 0.000000
119 188 0.000000
119 189 0.000000
119 190 0.000000
119 191 0.000000
119 192 0.000000
119 193 0.000000
119 194 0.000000
119 195 0.000000
119 196 0.000000
119 197 0.000000
119 198 0.000000
119 199 0.000000
119 200 0.000000
120 176 0.000000
120 177 0.000000
120 178 0.000000
120 179 0.000000
120 180 0.000000
120 181 0.000000
120 182 0.000000
120 183 0.000000
120 184 0.000000
120 185 0.000000
120 186 0.000000
120 187 0.000000
120 188 0.000000
120 189 0.000000
120 190 0.000000
120 191 0.000000
120 192 0.000000
120 193 0.000000
120 194 0.000000
120 195 0.000000
120 196 0.000000
120 197 0.000000
120 198 0.000000
120 199 0.000000
120 200 0.000000
121 176 0.000000
121 177 0.000000
121 178 0.000000
121 179 0.000000
121 180 0.000000
121 181 0.000000
121 182 0.000000
121 183 0.000000
121 184 0.000000
121 185 0.000000
121 186 0.000000
121 187 0.000000
121 188 0.000000
121 189 0.000000
121 190 0.000000
121 191 0.000000
121 192 0.000000
121 193 0.000000
121 194 0.000000
121 195 0.000000
121 196 0.000000
121 197 0.000000
121 198 0.000000
121 199 0.000000
121 200 0.000000
122 176 0.000000
122 177 0.000000
122 178 0.000000
122 179 0.000000
122 180 0.000000
122 181 0.000000
122 182 0.000000
122 183 0.000000
122 184 0.000000
122 185 0.000000
122 186 0.000000
122 187 0.000000
122 188 0.000000
122 189 0.000000
122 190 0.000000
122 191 0.000000
122 192 0.000000
122 193 0.000000
122 194 0.000000
122 195 0.000000
122 196 0.000000
122 197 0.000000
122 198 0.000000
122 199 0.000000
122 200 0.000000
123 176 0.000000
123 177 0.000000
123 178 0.000000
123 179 0.000000
123 180 0.000000
123 181 0.000000
123 182 0.000000
123 183 0.000000
123 184 0.000000
123 185 0.000000
123 186 0.000000
123 187 0.000000
123 188 0.000000
123 189 0.000000
123 190 0.000000
123 191 0.000000
123 192 0.000000
123 193 0.000000
123 194 0.000000
123 195 0.000000
123 196 0.000000
123 197 0.000000
123 198 0.000000
123 199 0.000000
123 200 0.000000
124 176 0.000000
124 177 0.000000
124 178 0.000000
124 179 0.000000
124 180 0.000000
124 181 0.000000
124 182 0.000000
124 183 0.000000
124 184 0.000000
124 185 0.000000
124 186 0.000000
124 187 0.000000
124 188 0.000000
124 189 0.000000
124 190 0.000000
124 191 0.000000
124 192 0.000000
124 193 0.000000
124 194 0.000000
124 195 0.000000
124 196 0.000000
124 197 0.000000
124 198 0.000000
124 199 0.000000
124 200 0.000000
125 176 0.000000
125 177 0.000000
125 178 0.000000
125 179 0.000000
125 180 0.000000
125 181 0.000000
125 182 0.000000
125 183 0.000000
125 184 0.000000
125 185 0.000000
125 186 0.000000
125 187 0.000000
125 188 0.000000
125 189 0.000000
125 190 0.000000
125 191 0.000000
125 192 0.000000
125 193 0.000000
125 194 0.000000
125 195 0.000000
125 196 0.000000
125 197 0.000000
125 198 0.000000
125 199 0.000000
125 200 0.000000
