101 101 1.238892
101 102 1.245937
101 103 1.253157
101 104 1.260740
101 105 1.268490
101 106 1.276589
101 107 1.284843
101 108 1.293430
101 109 1.302155
101 110 1.311194
101 111 1.320350
101 112 1.329792
101 113 1.339326
101 114 1.349114
101 115 1.358960
101 116 1.369021
101 117 1.379099
101 118 1.389345
101 119 1.399558
101 120 1.409881
101 121 1.420113
101 122 1.430387
101 123 1.440499
101 124 1.450573
101 125 1.460405
101 126 1.470106
101 127 1.479471
101 128 1.488601
101 129 1.497289
101 130 1.505626
101 131 1.513404
101 132 1.520705
101 133 1.527320
101 134 1.533322
101 135 1.538505
101 136 1.542934
101 137 1.546408
101 138 1.548988
101 139 1.550477
101 140 1.550935
101 141 1.550175
101 142 1.548258
101 143 1.545010
101 144 1.540497
101 145 1.534563
101 146 1.527282
101 147 1.518518
101 148 1.508358
101 149 1.496690
101 150 1.483616
101 151 1.469048
101 152 1.453107
101 153 1.435727
101 154 1.417045
101 155 1.397019
101 156 1.375797
101 157 1.353355
101 158 1.329849
101 159 1.305268
101 160 1.279770
101 161 1.253350
101 162 1.226166
101 163 1.198213
101 164 1.169642
101 165 1.140449
101 166 1.110774
101 167 1.080608
101 168 1.050081
101 169 1.019178
101 170 0.988017
101 171 0.956579
101 172 0.924968
101 173 0.893162
101 174 0.861251
101 175 0.829210
101 176 0.797118
101 177 0.764948
101 178 0.732768
101 179 0.700549
101 180 0.668350
101 181 0.636140
101 182 0.603972
101 183 0.571813
101 184 0.539708
101 185 0.507626
101 186 0.475605
101 187 0.443615
101 188 0.411686
101 189 0.379792
101 190 0.347958
101 191 0.316157
101 192 0.284411
101 193 0.252695
101 194 0.221026
101 195 0.189382
101 196 0.157775
101 197 0.126187
101 198 0.094624
101 199 0.063073
101 200 0.031534
102 101 1.233138
102 102 1.240165
102 103 1.247551
102 104 1.255101
102 105 1.263000
102 106 1.271054
102 107 1.279444
102 108 1.287975
102 109 1.296825
102 110 1.305799
102 111 1.315070
102 112 1.324444
102 113 1.334087
102 114 1.343804
102 115 1.353758
102 116 1.363751
102 117 1.373939
102 118 1.384125
102 119 1.394456
102 120 1.404735
102 121 1.415100
102 122 1.425351
102 123 1.435619
102 124 1.445703
102 125 1.455723
102 126 1.465475
102 127 1.475071
102 128 1.484305
102 129 1.493276
102 130 1.501780
102 131 1.509905
102 132 1.517444
102 133 1.524476
102 134 1.530794
102 135 1.536469
102 136 1.541294
102 137 1.545333
102 138 1.548381
102 139 1.550498
102 140 1.551485
102 141 1.551397
102 142 1.550046
102 143 1.547489
102 144 1.543549
102 145 1.538290
102 146 1.531554
102 147 1.523413
102 148 1.513733
102 149 1.502603
102 150 1.489913
102 151 1.475771
102 152 1.460096
102 153 1.443015
102 154 1.424473
102 155 1.404615
102 156 1.383410
102 157 1.361016
102 158 1.337419
102 159 1.312783
102 160 1.287106
102 161 1.260553
102 162 1.233125
102 163 1.204983
102 164 1.176128
102 165 1.146711
102 166 1.116730
102 167 1.086323
102 168 1.055484
102 169 1.024338
102 170 0.992871
102 171 0.961195
102 172 0.929292
102 173 0.897260
102 174 0.865075
102 175 0.832824
102 176 0.800479
102 177 0.768116
102 178 0.735704
102 179 0.703309
102 180 0.670899
102 181 0.638531
102 182 0.606171
102 183 0.573867
102 184 0.541589
102 185 0.509376
102 186 0.477198
102 187 0.445088
102 188 0.413016
102 189 0.381012
102 190 0.349047
102 191 0.317144
102 192 0.285278
102 193 0.253466
102 194 0.221685
102 195 0.189949
102 196 0.158238
102 197 0.126560
102 198 0.094899
102 199 0.063258
102 200 0.031625
103 101 1.227026
103 102 1.234230
103 103 1.241594
103 104 1.249306
103 105 1.257172
103 106 1.265375
103 107 1.273721
103 108 1.282391
103 109 1.291190
103 110 1.300295
103 111 1.309511
103 112 1.319010
103 113 1.328598
103 114 1.338441
103 115 1.348343
103 116 1.358465
103 117 1.368611
103 118 1.378935
103 119 1.389241
103 120 1.399674
103 121 1.410037
103 122 1.420467
103 123 1.430765
103 124 1.441061
103 125 1.451153
103 126 1.461161
103 127 1.470882
103 128 1.480425
103 129 1.489586
103 130 1.498463
103 131 1.506850
103 132 1.514834
103 133 1.522209
103 134 1.529050
103 135 1.535151
103 136 1.540576
103 137 1.545119
103 138 1.548837
103 139 1.551526
103 140 1.553235
103 141 1.553764
103 142 1.553162
103 143 1.551237
103 144 1.548037
103 145 1.543386
103 146 1.537341
103 147 1.529744
103 148 1.520666
103 149 1.509976
103 150 1.497765
103 151 1.483932
103 152 1.468590
103 153 1.451671
103 154 1.433311
103 155 1.413470
103 156 1.392303
103 157 1.369796
103 158 1.346114
103 159 1.321259
103 160 1.295402
103 161 1.268552
103 162 1.240879
103 163 1.212392
103 164 1.183252
103 165 1.153466
103 166 1.123183
103 167 1.092404
103 168 1.061263
103 169 1.029755
103 170 0.997998
103 171 0.965979
103 172 0.933805
103 173 0.901454
103 174 0.869021
103 175 0.836480
103 176 0.803910
103 177 0.771284
103 178 0.738672
103 179 0.706041
103 180 0.673452
103 181 0.640872
103 182 0.608352
103 183 0.575861
103 184 0.543440
103 185 0.511059
103 186 0.478754
103 187 0.446493
103 188 0.414308
103 189 0.382168
103 190 0.350099
103 191 0.318074
103 192 0.286111
103 193 0.254188
103 194 0.222317
103 195 0.190478
103 196 0.158680
103 197 0.126906
103 198 0.095160
103 199 0.063429
103 200 0.031712
104 101 1.220755
104 102 1.227947
104 103 1.235484
104 104 1.243173
104 105 1.251199
104 106 1.259368
104 107 1.267865
104 108 1.276495
104 109 1.285438
104 110 1.294499
104 111 1.303855
104 112 1.313311
104 113 1.323039
104 114 1.332843
104 115 1.342889
104 116 1.352983
104 117 1.363283
104 118 1.373596
104 119 1.384073
104 120 1.394518
104 121 1.405077
104 122 1.415553
104 123 1.426081
104 124 1.436465
104 125 1.446831
104 126 1.456980
104 127 1.467030
104 128 1.476779
104 129 1.486333
104 130 1.495491
104 131 1.504347
104 132 1.512695
104 133 1.520619
104 134 1.527913
104 135 1.534646
104 136 1.540610
104 137 1.545864
104 138 1.550198
104 139 1.553661
104 140 1.556044
104 141 1.557387
104 142 1.557486
104 143 1.556377
104 144 1.553865
104 145 1.549990
104 146 1.544573
104 147 1.537664
104 148 1.529108
104 149 1.518975
104 150 1.507141
104 151 1.493701
104 152 1.478568
104 153 1.461865
104 154 1.443539
104 155 1.423742
104 156 1.402452
104 157 1.379837
104 158 1.355900
104 159 1.330820
104 160 1.304612
104 161 1.277456
104 162 1.249371
104 163 1.220530
104 164 1.190950
104 165 1.160791
104 166 1.130065
104 167 1.098916
104 168 1.067346
104 169 1.035485
104 170 1.003325
104 171 0.970980
104 172 0.938436
104 173 0.905790
104 174 0.873022
104 175 0.840217
104 176 0.807348
104 177 0.774490
104 178 0.741611
104 179 0.708776
104 180 0.675952
104 181 0.643194
104 182 0.610468
104 183 0.577821
104 184 0.545218
104 185 0.512701
104 186 0.480235
104 187 0.447854
104 188 0.415526
104 189 0.383279
104 190 0.351084
104 191 0.318962
104 192 0.286887
104 193 0.254874
104 194 0.222901
104 195 0.190979
104 196 0.159088
104 197 0.127234
104 198 0.095401
104 199 0.063591
104 200 0.031792
105 101 1.214141
105 102 1.221515
105 103 1.229037
105 104 1.236896
105 105 1.244897
105 106 1.253227
105 107 1.261693
105 108 1.270477
105 109 1.279386
105 110 1.288598
105 111 1.297920
105 112 1.307527
105 113 1.317226
105 114 1.327186
105 115 1.337214
105 116 1.347474
105 117 1.357773
105 118 1.368269
105 119 1.378769
105 120 1.389422
105 121 1.400037
105 122 1.410754
105 123 1.421381
105 124 1.432051
105 125 1.442569
105 126 1.453060
105 127 1.463326
105 128 1.473483
105 129 1.483331
105 130 1.492973
105 131 1.502208
105 132 1.511126
105 133 1.519523
105 134 1.527477
105 135 1.534778
105 136 1.541490
105 137 1.547401
105 138 1.552561
105 139 1.556754
105 140 1.560018
105 141 1.562136
105 142 1.563137
105 143 1.562807
105 144 1.561172
105 145 1.558029
105 146 1.553408
105 147 1.547128
105 148 1.539234
105 149 1.529575
105 150 1.518224
105 151 1.505068
105 152 1.490213
105 153 1.473588
105 154 1.455334
105 155 1.435420
105 156 1.414013
105 157 1.391117
105 158 1.366915
105 159 1.341429
105 160 1.314852
105 161 1.287212
105 162 1.258696
105 163 1.229334
105 164 1.199300
105 165 1.168615
105 166 1.137439
105 167 1.105783
105 168 1.073787
105 169 1.041451
105 170 1.008900
105 171 0.976123
105 172 0.943227
105 173 0.910194
105 174 0.877115
105 175 0.843967
105 176 0.810828
105 177 0.777668
105 178 0.744555
105 179 0.711457
105 180 0.678431
105 181 0.645444
105 182 0.612545
105 183 0.579699
105 184 0.546948
105 185 0.514257
105 186 0.481663
105 187 0.449132
105 188 0.416692
105 189 0.384314
105 190 0.352020
105 191 0.319783
105 192 0.287619
105 193 0.255504
105 194 0.223450
105 195 0.191436
105 196 0.159469
105 197 0.127531
105 198 0.095626
105 199 0.063738
105 200 0.031866
106 101 1.207382
106 102 1.214748
106 103 1.222448
106 104 1.230289
106 105 1.238460
106 106 1.246767
106 107 1.255395
106 108 1.264152
106 109 1.273220
106 110 1.282406
106 111 1.291887
106 112 1.301473
106 113 1.311336
106 114 1.321285
106 115 1.331488
106 116 1.341753
106 117 1.352244
106 118 1.362769
106 119 1.373485
106 120 1.384200
106 121 1.395064
106 122 1.405885
106 123 1.416805
106 124 1.427632
106 125 1.438497
106 126 1.449210
106 127 1.459891
106 128 1.470346
106 129 1.480687
106 130 1.490717
106 131 1.500534
106 132 1.509939
106 133 1.519015
106 134 1.527557
106 135 1.535637
106 136 1.543040
106 137 1.549823
106 138 1.555765
106 139 1.560905
106 140 1.565018
106 141 1.568126
106 142 1.570004
106 143 1.570661
106 144 1.569876
106 145 1.567658
106 146 1.563797
106 147 1.558313
106 148 1.551023
106 149 1.541972
106 150 1.531015
106 151 1.518234
106 152 1.503534
106 153 1.487037
106 154 1.468699
106 155 1.448681
106 156 1.426981
106 157 1.403789
106 158 1.379132
106 159 1.353214
106 160 1.326076
106 161 1.297923
106 162 1.268795
106 163 1.238886
106 164 1.208230
106 165 1.177003
106 166 1.145227
106 167 1.113057
106 168 1.080503
106 169 1.047699
106 170 1.014641
106 171 0.981446
106 172 0.948099
106 173 0.914700
106 174 0.881226
106 175 0.847761
106 176 0.814278
106 177 0.780848
106 178 0.747438
106 179 0.714111
106 180 0.680830
106 181 0.647649
106 182 0.614531
106 183 0.581520
106 184 0.548582
106 185 0.515752
106 186 0.482997
106 187 0.450347
106 188 0.417770
106 189 0.385290
106 190 0.352877
106 191 0.320551
106 192 0.288284
106 193 0.256090
106 194 0.223945
106 195 0.191859
106 196 0.159811
106 197 0.127806
106 198 0.095826
106 199 0.063873
106 200 0.031932
107 101 1.200291
107 102 1.207842
107 103 1.215531
107 104 1.223548
107 105 1.231701
107 106 1.240177
107 107 1.248784
107 108 1.257707
107 109 1.266754
107 110 1.276106
107 111 1.285572
107 112 1.295328
107 113 1.305184
107 114 1.315314
107 115 1.325526
107 116 1.335988
107 117 1.346511
107 118 1.357256
107 119 1.368035
107 120 1.379002
107 121 1.389970
107 122 1.401086
107 123 1.412162
107 124 1.423338
107 125 1.434424
107 126 1.445551
107 127 1.456530
107 128 1.467480
107 129 1.478208
107 130 1.488824
107 131 1.499132
107 132 1.509225
107 133 1.518902
107 134 1.528243
107 135 1.537038
107 136 1.545349
107 137 1.552957
107 138 1.559903
107 139 1.565960
107 140 1.571148
107 141 1.575230
107 142 1.578210
107 143 1.579845
107 144 1.580128
107 145 1.578821
107 146 1.575918
107 147 1.571201
107 148 1.564680
107 149 1.556174
107 150 1.545732
107 151 1.533225
107 152 1.518749
107 153 1.502237
107 154 1.483836
107 155 1.463537
107 156 1.441528
107 157 1.417842
107 158 1.392694
107 159 1.366139
107 160 1.338398
107 161 1.309531
107 162 1.279752
107 163 1.249112
107 164 1.217805
107 165 1.185871
107 166 1.153479
107 167 1.120651
107 168 1.087536
107 169 1.054138
107 170 1.020582
107 171 0.986862
107 172 0.953083
107 173 0.919226
107 174 0.885382
107 175 0.851524
107 176 0.817727
107 177 0.783960
107 178 0.750287
107 179 0.716674
107 180 0.683173
107 181 0.649750
107 182 0.616449
107 183 0.583233
107 184 0.550143
107 185 0.517140
107 186 0.484258
107 187 0.451462
107 188 0.418778
107 189 0.386175
107 190 0.353671
107 191 0.321240
107 192 0.288894
107 193 0.256610
107 194 0.224397
107 195 0.192232
107 196 0.160121
107 197 0.128046
107 198 0.096007
107 199 0.063990
107 200 0.031992
108 101 1.193067
108 102 1.200611
108 103 1.208482
108 104 1.216485
108 105 1.224813
108 106 1.233272
108 107 1.242050
108 108 1.250956
108 109 1.260174
108 110 1.269512
108 111 1.279152
108 112 1.288904
108 113 1.298945
108 114 1.309084
108 115 1.319495
108 116 1.329989
108 117 1.340733
108 118 1.351540
108 119 1.362570
108 120 1.373639
108 121 1.384899
108 122 1.396166
108 123 1.407587
108 124 1.418976
108 125 1.430471
108 126 1.441888
108 127 1.453355
108 128 1.464685
108 129 1.475996
108 130 1.487096
108 131 1.498092
108 132 1.508787
108 133 1.519270
108 134 1.529339
108 135 1.539063
108 136 1.548229
108 137 1.556885
108 138 1.564805
108 139 1.572011
108 140 1.578263
108 141 1.583560
108 142 1.587646
108 143 1.590500
108 144 1.591860
108 145 1.591694
108 146 1.589749
108 147 1.585999
108 148 1.580220
108 149 1.572417
108 150 1.562418
108 151 1.550283
108 152 1.535908
108 153 1.519419
108 154 1.500785
108 155 1.480191
108 156 1.457669
108 157 1.433444
108 158 1.407584
108 159 1.380332
108 160 1.351769
108 161 1.322132
108 162 1.291496
108 163 1.260079
108 164 1.227939
108 165 1.195267
108 166 1.162100
108 167 1.128601
108 168 1.094788
108 169 1.060797
108 170 1.026629
108 171 0.992397
108 172 0.958088
108 173 0.923797
108 174 0.889500
108 175 0.855277
108 176 0.821097
108 177 0.787027
108 178 0.753032
108 179 0.719169
108 180 0.685398
108 181 0.651769
108 182 0.618243
108 183 0.584860
108 184 0.551581
108 185 0.518441
108 186 0.485403
108 187 0.452494
108 188 0.419681
108 189 0.386984
108 190 0.354372
108 191 0.321863
108 192 0.289426
108 193 0.257076
108 194 0.224786
108 195 0.192563
108 196 0.160386
108 197 0.128258
108 198 0.096161
108 199 0.064094
108 200 0.032042
109 101 1.185521
109 102 1.193251
109 103 1.201111
109 104 1.209294
109 105 1.217607
109 106 1.226241
109 107 1.235004
109 108 1.244084
109 109 1.253290
109 110 1.262805
109 111 1.272442
109 112 1.282379
109 113 1.292429
109 114 1.302767
109 115 1.313207
109 116 1.323920
109 117 1.334721
109 118 1.345776
109 119 1.356901
109 120 1.368256
109 121 1.379658
109 122 1.391261
109 123 1.402884
109 124 1.414671
109 125 1.426443
109 126 1.438335
109 127 1.450167
109 128 1.462066
109 129 1.473846
109 130 1.485624
109 131 1.497211
109 132 1.508707
109 133 1.519916
109 134 1.530920
109 135 1.541514
109 136 1.551755
109 137 1.561423
109 138 1.570550
109 139 1.578895
109 140 1.586459
109 141 1.592982
109 142 1.598434
109 143 1.602535
109 144 1.605233
109 145 1.606239
109 146 1.605494
109 147 1.602724
109 148 1.597888
109 149 1.590757
109 150 1.581341
109 151 1.569486
109 152 1.555278
109 153 1.538656
109 154 1.519785
109 155 1.498689
109 156 1.475600
109 157 1.450599
109 158 1.423949
109 159 1.395758
109 160 1.366293
109 161 1.335657
109 162 1.304097
109 163 1.271698
109 164 1.238677
109 165 1.205090
109 166 1.171121
109 167 1.136802
109 168 1.102283
109 169 1.067574
109 170 1.032801
109 171 0.997952
109 172 0.963133
109 173 0.928320
109 174 0.893598
109 175 0.858937
109 176 0.824408
109 177 0.789973
109 178 0.755693
109 179 0.721527
109 180 0.687525
109 181 0.653647
109 182 0.619934
109 183 0.586345
109 184 0.552917
109 185 0.519609
109 186 0.486450
109 187 0.453404
109 188 0.420493
109 189 0.387684
109 190 0.354994
109 191 0.322392
109 192 0.289892
109 193 0.257466
109 194 0.225122
109 195 0.192836
109 196 0.160612
109 197 0.128431
109 198 0.096292
109 199 0.064178
109 200 0.032085
110 101 1.177850
110 102 1.185572
110 103 1.193615
110 104 1.201785
110 105 1.210276
110 106 1.218896
110 107 1.227835
110 108 1.236903
110 109 1.246286
110 110 1.255797
110 111 1.265618
110 112 1.275562
110 113 1.285809
110 114 1.296172
110 115 1.306828
110 116 1.317592
110 117 1.328634
110 118 1.339774
110 119 1.351176
110 120 1.362660
110 121 1.374387
110 122 1.386176
110 123 1.398182
110 124 1.410226
110 125 1.422455
110 126 1.434690
110 127 1.447070
110 128 1.459415
110 129 1.471852
110 130 1.484199
110 131 1.496568
110 132 1.508773
110 133 1.520909
110 134 1.532779
110 135 1.544455
110 136 1.555725
110 137 1.566636
110 138 1.576953
110 139 1.586686
110 140 1.595578
110 141 1.603597
110 142 1.610458
110 143 1.616092
110 144 1.620186
110 145 1.622648
110 146 1.623159
110 147 1.621623
110 148 1.617751
110 149 1.611485
110 150 1.602606
110 151 1.591140
110 152 1.576972
110 153 1.560233
110 154 1.540923
110 155 1.519270
110 156 1.495361
110 157 1.469485
110 158 1.441777
110 159 1.412539
110 160 1.381912
110 161 1.350182
110 162 1.317466
110 163 1.284014
110 164 1.249911
110 165 1.215365
110 166 1.180428
110 167 1.145268
110 168 1.109906
110 169 1.074480
110 170 1.038987
110 171 1.003539
110 172 0.968115
110 173 0.932807
110 174 0.897584
110 175 0.862519
110 176 0.827575
110 177 0.792814
110 178 0.758194
110 179 0.723766
110 180 0.689487
110 181 0.655400
110 182 0.621462
110 183 0.587709
110 184 0.554098
110 185 0.520660
110 186 0.487355
110 187 0.454207
110 188 0.421178
110 189 0.388289
110 190 0.355505
110 191 0.322841
110 192 0.290266
110 193 0.257789
110 194 0.225385
110 195 0.193059
110 196 0.160787
110 197 0.128571
110 198 0.096391
110 199 0.064245
110 200 0.032117
111 101 1.169865
111 102 1.177771
111 103 1.185802
111 104 1.194151
111 105 1.202628
111 106 1.211425
111 107 1.220351
111 108 1.229597
111 109 1.238974
111 110 1.248668
111 111 1.258492
111 112 1.268630
111 113 1.278895
111 114 1.289469
111 115 1.300166
111 116 1.311164
111 117 1.322280
111 118 1.333686
111 119 1.345202
111 120 1.356996
111 121 1.368889
111 122 1.381043
111 123 1.393282
111 124 1.405760
111 125 1.418305
111 126 1.431061
111 127 1.443857
111 128 1.456828
111 129 1.469801
111 130 1.482901
111 131 1.495949
111 132 1.509055
111 133 1.522032
111 134 1.534970
111 135 1.547669
111 136 1.560191
111 137 1.572315
111 138 1.584068
111 139 1.595199
111 140 1.605691
111 141 1.615257
111 142 1.623827
111 143 1.631076
111 144 1.636887
111 145 1.640902
111 146 1.642978
111 147 1.642758
111 148 1.640110
111 149 1.634729
111 150 1.626558
111 151 1.615403
111 152 1.601331
111 153 1.584293
111 154 1.564495
111 155 1.542021
111 156 1.517175
111 157 1.490125
111 158 1.461215
111 159 1.430633
111 160 1.398713
111 161 1.365619
111 162 1.331645
111 163 1.296911
111 164 1.261659
111 165 1.225966
111 166 1.190025
111 167 1.153872
111 168 1.117658
111 169 1.081392
111 170 1.045192
111 171 1.009043
111 172 0.973041
111 173 0.937156
111 174 0.901465
111 175 0.865929
111 176 0.830611
111 177 0.795467
111 178 0.760550
111 179 0.725813
111 180 0.691300
111 181 0.656965
111 182 0.622845
111 183 0.588893
111 184 0.555142
111 185 0.521547
111 186 0.488133
111 187 0.454862
111 188 0.421751
111 189 0.388766
111 190 0.355920
111 191 0.323181
111 192 0.290559
111 193 0.258025
111 194 0.225586
111 195 0.193215
111 196 0.160916
111 197 0.128665
111 198 0.096463
111 199 0.064289
111 200 0.032140
112 101 1.161762
112 102 1.169657
112 103 1.177867
112 104 1.186202
112 105 1.194856
112 106 1.203638
112 107 1.212742
112 108 1.221977
112 109 1.231535
112 110 1.241227
112 111 1.251240
112 112 1.261390
112 113 1.271859
112 114 1.282465
112 115 1.293387
112 116 1.304445
112 117 1.315814
112 118 1.327318
112 119 1.339126
112 120 1.351066
112 121 1.363302
112 122 1.375662
112 123 1.388309
112 124 1.401071
112 125 1.414104
112 126 1.427240
112 127 1.440625
112 128 1.454092
112 129 1.467777
112 130 1.481512
112 131 1.495419
112 132 1.509326
112 133 1.523337
112 134 1.537267
112 135 1.551198
112 136 1.564925
112 137 1.578497
112 138 1.591681
112 139 1.604477
112 140 1.616613
112 141 1.628031
112 142 1.638405
112 143 1.647613
112 144 1.655274
112 145 1.661206
112 146 1.664992
112 147 1.666425
112 148 1.665103
112 149 1.660863
112 150 1.653401
112 151 1.642679
112 152 1.628565
112 153 1.611206
112 154 1.590658
112 155 1.567229
112 156 1.541114
112 157 1.512706
112 158 1.482249
112 159 1.450144
112 160 1.416614
112 161 1.382013
112 162 1.346512
112 163 1.310398
112 164 1.273781
112 165 1.236885
112 166 1.199769
112 167 1.162601
112 168 1.125402
112 169 1.088300
112 170 1.051286
112 171 1.014460
112 172 0.977794
112 173 0.941367
112 174 0.905139
112 175 0.869173
112 176 0.833423
112 177 0.797942
112 178 0.762680
112 179 0.727681
112 180 0.692894
112 181 0.658357
112 182 0.624021
112 183 0.589916
112 184 0.555995
112 185 0.522285
112 186 0.488741
112 187 0.455384
112 188 0.422174
112 189 0.389127
112 190 0.356206
112 191 0.323424
112 192 0.290747
112 193 0.258183
112 194 0.225704
112 195 0.193313
112 196 0.160986
112 197 0.128721
112 198 0.096499
112 199 0.064314
112 200 0.032151
113 101 1.153350
113 102 1.161425
113 103 1.169620
113 104 1.178131
113 105 1.186768
113 106 1.195725
113 107 1.204815
113 108 1.214228
113 109 1.223778
113 110 1.233655
113 111 1.243673
113 112 1.254018
113 113 1.264509
113 114 1.275329
113 115 1.286298
113 116 1.297595
113 117 1.309044
113 118 1.320821
113 119 1.332753
113 120 1.345011
113 121 1.357426
113 122 1.370165
113 123 1.383061
113 124 1.396276
113 125 1.409647
113 126 1.423329
113 127 1.437161
113 128 1.451291
113 129 1.465558
113 130 1.480099
113 131 1.494751
113 132 1.509637
113 133 1.524586
113 134 1.539702
113 135 1.554799
113 136 1.569949
113 137 1.584943
113 138 1.599809
113 139 1.614297
113 140 1.628375
113 141 1.641735
113 142 1.654267
113 143 1.665589
113 144 1.675502
113 145 1.683551
113 146 1.689465
113 147 1.692747
113 148 1.693116
113 149 1.690127
113 150 1.683598
113 151 1.673257
113 152 1.659137
113 153 1.641221
113 154 1.619788
113 155 1.595043
113 156 1.567428
113 157 1.537257
113 158 1.505012
113 159 1.471004
113 160 1.435664
113 161 1.399236
113 162 1.362067
113 163 1.324318
113 164 1.286253
113 165 1.247959
113 166 1.209630
113 167 1.171301
113 168 1.133112
113 169 1.095061
113 170 1.057253
113 171 1.019661
113 172 0.982366
113 173 0.945326
113 174 0.908604
113 175 0.872151
113 176 0.836018
113 177 0.800152
113 178 0.764595
113 179 0.729293
113 180 0.694282
113 181 0.659510
113 182 0.625005
113 183 0.590718
113 184 0.556674
113 185 0.522825
113 186 0.489192
113 187 0.455732
113 188 0.422461
113 189 0.389338
113 190 0.356377
113 191 0.323541
113 192 0.290840
113 193 0.258241
113 194 0.225749
113 195 0.193336
113 196 0.161003
113 197 0.128727
113 198 0.096504
113 199 0.064314
113 200 0.032152
114 101 1.144827
114 102 1.152884
114 103 1.161254
114 104 1.169745
114 105 1.178555
114 106 1.187494
114 107 1.196757
114 108 1.206158
114 109 1.215886
114 110 1.225759
114 111 1.235965
114 112 1.246322
114 113 1.257016
114 114 1.267868
114 115 1.279061
114 116 1.290420
114 117 1.302124
114 118 1.314001
114 119 1.326228
114 120 1.338635
114 121 1.351397
114 122 1.364349
114 123 1.377660
114 124 1.391168
114 125 1.405039
114 126 1.419116
114 127 1.433556
114 128 1.448206
114 129 1.463216
114 130 1.478432
114 131 1.493994
114 132 1.509746
114 133 1.525811
114 134 1.542024
114 135 1.558483
114 136 1.575003
114 137 1.591646
114 138 1.608193
114 139 1.624650
114 140 1.640739
114 141 1.656385
114 142 1.671228
114 143 1.685085
114 144 1.697490
114 145 1.708140
114 146 1.716468
114 147 1.722084
114 148 1.724392
114 149 1.723027
114 150 1.717517
114 151 1.707705
114 152 1.693419
114 153 1.674842
114 154 1.652148
114 155 1.625810
114 156 1.596219
114 157 1.563962
114 158 1.529464
114 159 1.493272
114 160 1.455729
114 161 1.417272
114 162 1.378132
114 163 1.338627
114 164 1.298886
114 165 1.259136
114 166 1.219429
114 167 1.179924
114 168 1.140624
114 169 1.101640
114 170 1.062946
114 171 1.024624
114 172 0.986629
114 173 0.949022
114 174 0.911750
114 175 0.874861
114 176 0.838298
114 177 0.802100
114 178 0.766209
114 179 0.730659
114 180 0.695391
114 181 0.660434
114 182 0.625734
114 183 0.591314
114 184 0.557123
114 185 0.523182
114 186 0.489442
114 187 0.455920
114 188 0.422572
114 189 0.389412
114 190 0.356400
114 191 0.323546
114 192 0.290813
114 193 0.258208
114 194 0.225700
114 195 0.193291
114 196 0.160954
114 197 0.128688
114 198 0.096469
114 199 0.064292
114 200 0.032139
115 101 1.135999
115 102 1.144229
115 103 1.152576
115 104 1.161237
115 105 1.170025
115 106 1.179134
115 107 1.188378
115 108 1.197951
115 109 1.207668
115 110 1.217720
115 111 1.227927
115 112 1.238475
115 113 1.249188
115 114 1.260250
115 115 1.271486
115 116 1.283080
115 117 1.294860
115 118 1.307007
115 119 1.319354
115 120 1.332078
115 121 1.345016
115 122 1.358343
115 123 1.371901
115 124 1.385862
115 125 1.400072
115 126 1.414698
115 127 1.429591
115 128 1.444915
115 129 1.460522
115 130 1.476568
115 131 1.492909
115 132 1.509687
115 133 1.526754
115 134 1.544237
115 135 1.561975
115 136 1.580065
115 137 1.598322
115 138 1.616795
115 139 1.635252
115 140 1.653666
115 141 1.671725
115 142 1.689290
115 143 1.705926
115 144 1.721342
115 145 1.734948
115 146 1.746287
115 147 1.754634
115 148 1.759438
115 149 1.759981
115 150 1.755830
115 151 1.746541
115 152 1.732081
115 153 1.712497
115 154 1.688236
115 155 1.659752
115 156 1.627757
115 157 1.592833
115 158 1.555688
115 159 1.516817
115 160 1.476784
115 161 1.435922
115 162 1.394633
115 163 1.353103
115 164 1.311599
115 165 1.270204
115 166 1.229093
115 167 1.188280
115 168 1.147881
115 169 1.107871
115 170 1.068328
115 171 1.029205
115 172 0.990559
115 173 0.952331
115 174 0.914565
115 175 0.877196
115 176 0.840262
115 177 0.803696
115 178 0.767530
115 179 0.731699
115 180 0.696231
115 181 0.661064
115 182 0.626221
115 183 0.591646
115 184 0.557359
115 185 0.523306
115 186 0.489504
115 187 0.455906
115 188 0.422524
115 189 0.389315
115 190 0.356289
115 191 0.323408
115 192 0.290677
115 193 0.258063
115 194 0.225568
115 195 0.193162
115 196 0.160845
115 197 0.128592
115 198 0.096398
115 199 0.064242
115 200 0.032114
116 101 1.127064
116 102 1.135269
116 103 1.143782
116 104 1.152416
116 105 1.161368
116 106 1.170452
116 107 1.179863
116 108 1.189416
116 109 1.199304
116 110 1.209347
116 111 1.219733
116 112 1.230287
116 113 1.241194
116 114 1.252281
116 115 1.263734
116 116 1.275382
116 117 1.287408
116 118 1.299646
116 119 1.312277
116 120 1.325141
116 121 1.338415
116 122 1.351945
116 123 1.365907
116 124 1.380150
116 125 1.394849
116 126 1.409860
116 127 1.425354
116 128 1.441192
116 129 1.457541
116 130 1.474268
116 131 1.491531
116 132 1.509200
116 133 1.527422
116 134 1.546063
116 135 1.565251
116 136 1.584835
116 137 1.604911
116 138 1.625294
116 139 1.646019
116 140 1.666835
116 141 1.687676
116 142 1.708173
116 143 1.728098
116 144 1.746901
116 145 1.764128
116 146 1.778999
116 147 1.790826
116 148 1.798654
116 149 1.801723
116 150 1.799193
116 151 1.790637
116 152 1.775785
116 153 1.754914
116 154 1.728468
116 155 1.697285
116 156 1.662148
116 157 1.624002
116 158 1.583566
116 159 1.541600
116 160 1.498596
116 161 1.455073
116 162 1.411306
116 163 1.367621
116 164 1.324138
116 165 1.281055
116 166 1.238397
116 167 1.196286
116 168 1.154692
116 169 1.113694
116 170 1.073234
116 171 1.033365
116 172 0.994018
116 173 0.955231
116 174 0.916931
116 175 0.879149
116 176 0.841810
116 177 0.804941
116 178 0.768471
116 179 0.732422
116 180 0.696729
116 181 0.661410
116 182 0.626404
116 183 0.591728
116 184 0.557326
116 185 0.523211
116 186 0.489333
116 187 0.455704
116 188 0.422276
116 189 0.389060
116 190 0.356012
116 191 0.323140
116 192 0.290407
116 193 0.257814
116 194 0.225331
116 195 0.192957
116 196 0.160663
116 197 0.128447
116 198 0.096283
116 199 0.064166
116 200 0.032075
117 101 1.117829
117 102 1.126196
117 103 1.134678
117 104 1.143472
117 105 1.152394
117 106 1.161638
117 107 1.171021
117 108 1.180737
117 109 1.190605
117 110 1.200817
117 111 1.211195
117 112 1.221929
117 113 1.232845
117 114 1.244130
117 115 1.255615
117 116 1.267484
117 117 1.279574
117 118 1.292067
117 119 1.304802
117 120 1.317964
117 121 1.331397
117 122 1.345283
117 123 1.359472
117 124 1.374145
117 125 1.389161
117 126 1.404698
117 127 1.420623
117 128 1.437112
117 129 1.454039
117 130 1.471578
117 131 1.489610
117 132 1.508302
117 133 1.527539
117 134 1.547479
117 135 1.568001
117 136 1.589244
117 137 1.611070
117 138 1.633575
117 139 1.656578
117 140 1.680098
117 141 1.703859
117 142 1.727739
117 143 1.751287
117 144 1.774141
117 145 1.795566
117 146 1.814857
117 147 1.830923
117 148 1.842724
117 149 1.848975
117 150 1.848672
117 151 1.840945
117 152 1.825592
117 153 1.802826
117 154 1.773520
117 155 1.738694
117 156 1.699627
117 157 1.657388
117 158 1.613048
117 159 1.567349
117 160 1.520999
117 161 1.474400
117 162 1.427968
117 163 1.381873
117 164 1.336344
117 165 1.291418
117 166 1.247219
117 167 1.203713
117 168 1.160969
117 169 1.118920
117 170 1.077607
117 171 1.036949
117 172 0.996973
117 173 0.957594
117 174 0.918833
117 175 0.880609
117 176 0.842937
117 177 0.805741
117 178 0.769036
117 179 0.732748
117 180 0.696894
117 181 0.661404
117 182 0.626294
117 183 0.591502
117 184 0.557039
117 185 0.522850
117 186 0.488945
117 187 0.455273
117 188 0.421844
117 189 0.388612
117 190 0.355582
117 191 0.322715
117 192 0.290013
117 193 0.257441
117 194 0.225000
117 195 0.192659
117 196 0.160414
117 197 0.128240
117 198 0.096129
117 199 0.064060
117 200 0.032023
118 101 1.108489
118 102 1.116820
118 103 1.125458
118 104 1.134216
118 105 1.143291
118 106 1.152500
118 107 1.162038
118 108 1.171723
118 109 1.181751
118 110 1.191941
118 111 1.202487
118 112 1.213213
118 113 1.224310
118 114 1.235606
118 115 1.247290
118 116 1.259197
118 117 1.271512
118 118 1.284076
118 119 1.297075
118 120 1.310353
118 121 1.324096
118 122 1.338156
118 123 1.352718
118 124 1.367642
118 125 1.383112
118 126 1.398997
118 127 1.415483
118 128 1.432447
118 129 1.450075
118 130 1.468255
118 131 1.487172
118 132 1.506724
118 133 1.527092
118 134 1.548181
118 135 1.570165
118 136 1.592945
118 137 1.616676
118 138 1.641240
118 139 1.666742
118 140 1.693007
118 141 1.720040
118 142 1.747531
118 143 1.775279
118 144 1.802708
118 145 1.829241
118 146 1.853843
118 147 1.875382
118 148 1.892257
118 149 1.902869
118 150 1.905492
118 151 1.898964
118 152 1.882734
118 153 1.857360
118 154 1.824014
118 155 1.784423
118 156 1.740206
118 157 1.692950
118 158 1.643818
118 159 1.593824
118 160 1.543581
118 161 1.493632
118 162 1.444226
118 163 1.395626
118 164 1.347884
118 165 1.301119
118 166 1.255287
118 167 1.210440
118 168 1.166493
118 169 1.123470
118 170 1.081271
118 171 1.039907
118 172 0.999277
118 173 0.959391
118 174 0.920150
118 175 0.881565
118 176 0.843544
118 177 0.806096
118 178 0.769140
118 179 0.732684
118 180 0.696654
118 181 0.661059
118 182 0.625832
118 183 0.590981
118 184 0.556446
118 185 0.522236
118 186 0.488294
118 187 0.454629
118 188 0.421191
118 189 0.387985
118 190 0.354968
118 191 0.322144
118 192 0.289472
118 193 0.256954
118 194 0.224556
118 195 0.192277
118 196 0.160085
118 197 0.127977
118 198 0.095927
118 199 0.063927
118 200 0.031955
119 101 1.098853
119 102 1.107335
119 103 1.115930
119 104 1.124836
119 105 1.133869
119 106 1.143225
119 107 1.152723
119 108 1.162559
119 109 1.172553
119 110 1.182898
119 111 1.193421
119 112 1.204311
119 113 1.215399
119 114 1.226875
119 115 1.238571
119 116 1.250678
119 117 1.263034
119 118 1.275827
119 119 1.288902
119 120 1.302448
119 121 1.316316
119 122 1.330695
119 123 1.345445
119 124 1.360755
119 125 1.376494
119 126 1.392854
119 127 1.409716
119 128 1.427271
119 129 1.445415
119 130 1.464343
119 131 1.483961
119 132 1.504470
119 133 1.525791
119 134 1.548125
119 135 1.571404
119 136 1.595826
119 137 1.621328
119 138 1.648089
119 139 1.676026
119 140 1.705266
119 141 1.735652
119 142 1.767176
119 143 1.799489
119 144 1.832274
119 145 1.864752
119 146 1.895990
119 147 1.924415
119 148 1.948141
119 149 1.964671
119 150 1.971545
119 151 1.966607
119 152 1.949100
119 153 1.919789
119 154 1.880832
119 155 1.834705
119 156 1.783896
119 157 1.730318
119 158 1.675523
119 159 1.620479
119 160 1.565938
119 161 1.512256
119 162 1.459744
119 163 1.408460
119 164 1.358511
119 165 1.309826
119 166 1.262431
119 167 1.216209
119 168 1.171155
119 169 1.127141
119 170 1.084156
119 171 1.042077
119 172 1.000893
119 173 0.960491
119 174 0.920864
119 175 0.881909
119 176 0.843625
119 177 0.805917
119 178 0.768788
119 179 0.732154
119 180 0.696020
119 181 0.660309
119 182 0.625029
119 183 0.590111
119 184 0.555563
119 185 0.521322
119 186 0.487396
119 187 0.453730
119 188 0.420330
119 189 0.387147
119 190 0.354185
119 191 0.321400
119 192 0.288795
119 193 0.256332
119 194 0.224009
119 195 0.191794
119 196 0.159683
119 197 0.127648
119 198 0.095681
119 199 0.063760
119 200 0.031873
120 101 1.089115
120 102 1.097549
120 103 1.106286
120 104 1.115143
120 105 1.124316
120 106 1.133624
120 107 1.143263
120 108 1.153054
120 109 1.163191
120 110 1.173500
120 111 1.184172
120 112 1.195036
120 113 1.206284
120 114 1.217749
120 115 1.229622
120 116 1.241740
120 117 1.254294
120 118 1.267128
120 119 1.280432
120 120 1.294057
120 121 1.308195
120 122 1.322704
120 123 1.337776
120 124 1.353282
120 125 1.369416
120 126 1.386059
120 127 1.403409
120 128 1.421362
120 129 1.440121
120 130 1.459598
120 131 1.480004
120 132 1.501270
120 133 1.523616
120 134 1.546994
120 135 1.571632
120 136 1.597505
120 137 1.624847
120 138 1.653646
120 139 1.684128
120 140 1.716268
120 141 1.750239
120 142 1.785928
120 143 1.823330
120 144 1.862050
120 145 1.901602
120 146 1.940859
120 147 1.978239
120 148 2.011138
120 149 2.036212
120 150 2.049333
120 151 2.046899
120 152 2.027196
120 153 1.991940
120 154 1.944748
120 155 1.889742
120 156 1.830288
120 157 1.768973
120 158 1.707410
120 159 1.646702
120 160 1.587370
120 161 1.529777
120 162 1.473971
120 163 1.420023
120 164 1.367811
120 165 1.317307
120 166 1.268344
120 167 1.220870
120 168 1.174718
120 169 1.129840
120 170 1.086081
120 171 1.043406
120 172 1.001676
120 173 0.960868
120 174 0.920858
120 175 0.881632
120 176 0.843083
120 177 0.805204
120 178 0.767899
120 179 0.731167
120 180 0.694922
120 181 0.659168
120 182 0.623829
120 183 0.588908
120 184 0.554339
120 185 0.520126
120 186 0.486210
120 187 0.452594
120 188 0.419228
120 189 0.386112
120 190 0.353202
120 191 0.320498
120 192 0.287959
120 193 0.255585
120 194 0.223340
120 195 0.191220
120 196 0.159195
120 197 0.127259
120 198 0.095385
120 199 0.063564
120 200 0.031773
121 101 1.079085
121 102 1.087656
121 103 1.096338
121 104 1.105327
121 105 1.114444
121 106 1.123884
121 107 1.133469
121 108 1.143392
121 109 1.153479
121 110 1.163924
121 111 1.174553
121 112 1.185560
121 113 1.196778
121 114 1.208397
121 115 1.220255
121 116 1.232544
121 117 1.245106
121 118 1.258133
121 119 1.271475
121 120 1.285325
121 121 1.299540
121 122 1.314315
121 123 1.329517
121 124 1.345344
121 125 1.361676
121 126 1.378713
121 127 1.396352
121 128 1.414798
121 129 1.433966
121 130 1.454071
121 131 1.475050
121 132 1.497132
121 133 1.520278
121 134 1.544736
121 135 1.570501
121 136 1.597842
121 137 1.626790
121 138 1.657640
121 139 1.690458
121 140 1.725553
121 141 1.763002
121 142 1.803074
121 143 1.845756
121 144 1.891094
121 145 1.938655
121 146 1.987698
121 147 2.036458
121 148 2.082043
121 149 2.119628
121 150 2.142755
121 151 2.144388
121 152 2.120916
121 153 2.075959
121 154 2.016549
121 155 1.949161
121 156 1.878609
121 157 1.807811
121 158 1.738511
121 159 1.671483
121 160 1.607130
121 161 1.545446
121 162 1.486407
121 163 1.429789
121 164 1.375467
121 165 1.323188
121 166 1.272828
121 167 1.224153
121 168 1.177066
121 169 1.131365
121 170 1.086980
121 171 1.043738
121 172 1.001592
121 173 0.960396
121 174 0.920117
121 175 0.880631
121 176 0.841920
121 177 0.803873
121 178 0.766481
121 179 0.729650
121 180 0.693376
121 181 0.657575
121 182 0.622247
121 183 0.587319
121 184 0.552792
121 185 0.518602
121 186 0.484752
121 187 0.451183
121 188 0.417900
121 189 0.384850
121 190 0.352035
121 191 0.319410
121 192 0.286976
121 193 0.254693
121 194 0.222559
121 195 0.190539
121 196 0.158629
121 197 0.126800
121 198 0.095042
121 199 0.063332
121 200 0.031658
122 101 1.068956
122 102 1.077466
122 103 1.086274
122 104 1.095200
122 105 1.104441
122 106 1.113817
122 107 1.123524
122 108 1.133386
122 109 1.143597
122 110 1.153984
122 111 1.164741
122 112 1.175699
122 113 1.187051
122 114 1.198633
122 115 1.210637
122 116 1.222904
122 117 1.235628
122 118 1.248657
122 119 1.262183
122 120 1.276064
122 121 1.290494
122 122 1.305339
122 123 1.320797
122 124 1.336747
122 125 1.353389
122 126 1.370617
122 127 1.388640
122 128 1.407368
122 129 1.427021
122 130 1.447532
122 131 1.469136
122 132 1.491794
122 133 1.515764
122 134 1.541044
122 135 1.567923
122 136 1.596450
122 137 1.626955
122 138 1.659551
122 139 1.694629
122 140 1.732377
122 141 1.773250
122 142 1.817509
122 143 1.865627
122 144 1.917821
122 145 1.974319
122 146 2.034733
122 147 2.097938
122 148 2.160873
122 149 2.217580
122 150 2.257600
122 151 2.267053
122 152 2.236058
122 153 2.174497
122 154 2.096264
122 155 2.011810
122 156 1.927113
122 157 1.845218
122 158 1.767277
122 159 1.693656
122 160 1.624158
122 161 1.558537
122 162 1.496359
122 163 1.437321
122 164 1.381020
122 165 1.327213
122 166 1.275567
122 167 1.225908
122 168 1.177971
122 169 1.131633
122 170 1.086680
122 171 1.043030
122 172 1.000507
122 173 0.959058
122 174 0.918536
122 175 0.878906
122 176 0.840045
122 177 0.801932
122 178 0.764461
122 179 0.727620
122 180 0.691317
122 181 0.655547
122 182 0.620230
122 183 0.585363
122 184 0.550877
122 185 0.516771
122 186 0.482984
122 187 0.449516
122 188 0.416313
122 189 0.383376
122 190 0.350656
122 191 0.318153
122 192 0.285825
122 193 0.253670
122 194 0.221650
122 195 0.189762
122 196 0.157973
122 197 0.126277
122 198 0.094646
122 199 0.063069
122 200 0.031526
123 101 1.058540
123 102 1.067170
123 103 1.075908
123 104 1.084951
123 105 1.094120
123 106 1.103610
123 107 1.113245
123 108 1.123219
123 109 1.133360
123 110 1.143861
123 111 1.154552
123 112 1.165628
123 113 1.176921
123 114 1.188627
123 115 1.200584
123 116 1.212985
123 117 1.225678
123 118 1.238856
123 119 1.252373
123 120 1.266424
123 121 1.280872
123 122 1.295916
123 123 1.311431
123 124 1.327617
123 125 1.344365
123 126 1.361882
123 127 1.380076
123 128 1.399164
123 129 1.419077
123 130 1.440046
123 131 1.462030
123 132 1.485285
123 133 1.509808
123 134 1.535887
123 135 1.563573
123 136 1.593206
123 137 1.624910
123 138 1.659102
123 139 1.696017
123 140 1.736189
123 141 1.780010
123 142 1.828188
123 143 1.881328
123 144 1.940339
123 145 2.005980
123 146 2.079064
123 147 2.159609
123 148 2.246007
123 149 2.332148
123 150 2.403081
123 151 2.430102
123 152 2.381828
123 153 2.289648
123 154 2.182264
123 155 2.074641
123 156 1.972879
123 157 1.878608
123 158 1.791789
123 159 1.711642
123 160 1.637376
123 161 1.568122
123 162 1.503236
123 163 1.442056
123 164 1.384143
123 165 1.329015
123 166 1.276381
123 167 1.225885
123 168 1.177335
123 169 1.130460
123 170 1.085133
123 171 1.041141
123 172 0.998402
123 173 0.956744
123 174 0.916112
123 175 0.876365
123 176 0.837470
123 177 0.799307
123 178 0.761854
123 179 0.725011
123 180 0.688766
123 181 0.653030
123 182 0.617799
123 183 0.582994
123 184 0.548614
123 185 0.514591
123 186 0.480925
123 187 0.447557
123 188 0.414487
123 189 0.381662
123 190 0.349082
123 191 0.316702
123 192 0.284519
123 193 0.252495
123 194 0.220624
123 195 0.188873
123 196 0.157235
123 197 0.125680
123 198 0.094200
123 199 0.062770
123 200 0.031377
124 101 1.048028
124 102 1.056581
124 103 1.065429
124 104 1.074393
124 105 1.083667
124 106 1.093076
124 107 1.102814
124 108 1.112707
124 109 1.122949
124 110 1.133370
124 111 1.144163
124 112 1.155163
124 113 1.166561
124 114 1.178197
124 115 1.190264
124 116 1.202607
124 117 1.215418
124 118 1.228551
124 119 1.242199
124 120 1.256224
124 121 1.270822
124 122 1.285865
124 123 1.301554
124 124 1.317773
124 125 1.334729
124 126 1.352323
124 127 1.370770
124 128 1.389993
124 129 1.410222
124 130 1.431406
124 131 1.453795
124 132 1.477376
124 133 1.502431
124 134 1.528997
124 135 1.557406
124 136 1.587770
124 137 1.620499
124 138 1.655817
124 139 1.694263
124 140 1.736244
124 141 1.782520
124 142 1.833807
124 143 1.891258
124 144 1.956135
124 145 2.030288
124 146 2.115854
124 147 2.215505
124 148 2.331328
124 149 2.461993
124 150 2.592414
124 151 2.668506
124 152 2.571448
124 153 2.420062
124 154 2.268444
124 155 2.131672
124 156 2.011094
124 157 1.904608
124 158 1.809567
124 159 1.723810
124 160 1.645520
124 161 1.573402
124 162 1.506345
124 163 1.443588
124 164 1.384421
124 165 1.328386
124 166 1.275000
124 167 1.223976
124 168 1.174969
124 169 1.127796
124 170 1.082197
124 171 1.038055
124 172 0.995166
124 173 0.953454
124 174 0.912755
124 175 0.873022
124 176 0.834119
124 177 0.796015
124 178 0.758597
124 179 0.721847
124 180 0.685667
124 181 0.650048
124 182 0.614906
124 183 0.580235
124 184 0.545962
124 185 0.512086
124 186 0.478541
124 187 0.445328
124 188 0.412390
124 189 0.379726
124 190 0.347288
124 191 0.315073
124 192 0.283038
124 193 0.251181
124 194 0.219465
124 195 0.187882
124 196 0.156403
124 197 0.125018
124 198 0.093700
124 199 0.062438
124 200 0.031210
125 101 1.037233
125 102 1.045891
125 103 1.054652
125 104 1.063714
125 105 1.072899
125 106 1.082402
125 107 1.092048
125 108 1.102032
125 109 1.112181
125 110 1.122691
125 111 1.133393
125 112 1.144480
125 113 1.155790
125 114 1.167516
125 115 1.179499
125 116 1.191934
125 117 1.204671
125 118 1.217902
125 119 1.231486
125 120 1.245619
125 121 1.260168
125 122 1.275333
125 123 1.290992
125 124 1.307351
125 125 1.324304
125 126 1.342064
125 127 1.360543
125 128 1.379966
125 129 1.400273
125 130 1.421705
125 131 1.444234
125 132 1.468131
125 133 1.493413
125 134 1.520396
125 135 1.549162
125 136 1.580095
125 137 1.613382
125 138 1.649521
125 139 1.688865
125 140 1.732115
125 141 1.779918
125 142 1.833363
125 143 1.893668
125 144 1.962748
125 145 2.043100
125 146 2.138640
125 147 2.255157
125 148 2.401878
125 149 2.592022
125 150 2.836131
125 151 3.080012
125 152 2.815446
125 153 2.550657
125 154 2.339836
125 155 2.172453
125 156 2.035278
125 157 1.919105
125 158 1.818125
125 159 1.728451
125 160 1.647555
125 161 1.573563
125 162 1.505216
125 163 1.441469
125 164 1.381630
125 165 1.325049
125 166 1.271315
125 167 1.219993
125 168 1.170827
125 169 1.123503
125 170 1.077861
125 171 1.033663
125 172 0.990805
125 173 0.949101
125 174 0.908484
125 175 0.868802
125 176 0.830014
125 177 0.791994
125 178 0.754715
125 179 0.718071
125 180 0.682048
125 181 0.646553
125 182 0.611578
125 183 0.577044
125 184 0.542947
125 185 0.509218
125 186 0.475855
125 187 0.442798
125 188 0.410045
125 189 0.377543
125 190 0.345292
125 191 0.313244
125 192 0.281398
125 193 0.249713
125 194 0.218185
125 195 0.186778
125 196 0.155486
125 197 0.124280
125 198 0.093149
125 199 0.062069
125 200 0.031026
126 101 1.026347
126 102 1.034912
126 103 1.043766
126 104 1.052731
126 105 1.062002
126 106 1.071404
126 107 1.081132
126 108 1.091012
126 109 1.101239
126 110 1.111644
126 111 1.122420
126 112 1.133402
126 113 1.144784
126 114 1.156405
126 115 1.168459
126 116 1.180794
126 117 1.193601
126 118 1.206736
126 119 1.220394
126 120 1.234437
126 121 1.249064
126 122 1.264149
126 123 1.279892
126 124 1.296184
126 125 1.313230
126 126 1.330937
126 127 1.349523
126 128 1.368914
126 129 1.389344
126 130 1.410769
126 131 1.433445
126 132 1.457369
126 133 1.482831
126 134 1.509884
126 135 1.538878
126 136 1.569947
126 137 1.603534
126 138 1.639908
126 139 1.679673
126 140 1.723329
126 141 1.771778
126 142 1.825961
126 143 1.887401
126 144 1.958002
126 145 2.040811
126 146 2.140371
126 147 2.264678
126 148 2.428941
126 149 2.668142
126 150 3.080032
126 151 4.000000
126 152 3.059627
126 153 2.627333
126 154 2.367738
126 155 2.183083
126 156 2.038402
126 157 1.918470
126 158 1.815318
126 159 1.724374
126 160 1.642629
126 161 1.568140
126 162 1.499427
126 163 1.435505
126 164 1.375522
126 165 1.318923
126 166 1.265164
126 167 1.213911
126 168 1.164787
126 169 1.117585
126 170 1.072029
126 171 1.027985
126 172 0.985241
126 173 0.943712
126 174 0.903229
126 175 0.863737
126 176 0.825097
126 177 0.787276
126 178 0.750156
126 179 0.713718
126 180 0.677861
126 181 0.642575
126 182 0.607774
126 183 0.573451
126 184 0.539533
126 185 0.506016
126 186 0.472835
126 187 0.439990
126 188 0.407423
126 189 0.375133
126 190 0.343071
126 191 0.311234
126 192 0.279580
126 193 0.248104
126 194 0.216770
126 195 0.185571
126 196 0.154475
126 197 0.123475
126 198 0.092543
126 199 0.061666
126 200 0.030824
127 101 1.015184
127 102 1.023835
127 103 1.032586
127 104 1.041630
127 105 1.050793
127 106 1.060269
127 107 1.069884
127 108 1.079832
127 109 1.089943
127 110 1.100409
127 111 1.111066
127 112 1.122105
127 113 1.133366
127 114 1.145039
127 115 1.156971
127 116 1.169354
127 117 1.182039
127 118 1.195219
127 119 1.208754
127 120 1.222839
127 121 1.237345
127 122 1.252468
127 123 1.268092
127 124 1.284419
127 125 1.301346
127 126 1.319086
127 127 1.337553
127 128 1.356971
127 129 1.377281
127 130 1.398725
127 131 1.421276
127 132 1.445204
127 133 1.470529
127 134 1.497564
127 135 1.526396
127 136 1.557406
127 137 1.590782
127 138 1.627023
127 139 1.666482
127 140 1.709860
127 141 1.757804
127 142 1.811404
127 143 1.871878
127 144 1.941140
127 145 2.021687
127 146 2.117436
127 147 2.234175
127 148 2.381130
127 149 2.571522
127 150 2.815891
127 151 3.060044
127 152 2.795761
127 153 2.531268
127 154 2.320752
127 155 2.153686
127 156 2.016836
127 157 1.900999
127 158 1.800363
127 159 1.711041
127 160 1.630506
127 161 1.556882
127 162 1.488909
127 163 1.425544
127 164 1.366091
127 165 1.309902
127 166 1.256565
127 167 1.205644
127 168 1.156883
127 169 1.109969
127 170 1.064738
127 171 1.020955
127 172 0.978514
127 173 0.937229
127 174 0.897033
127 175 0.857774
127 176 0.819409
127 177 0.781813
127 178 0.744960
127 179 0.708742
127 180 0.673144
127 181 0.638076
127 182 0.603528
127 183 0.569421
127 184 0.535750
127 185 0.502447
127 186 0.469510
127 187 0.436878
127 188 0.404550
127 189 0.372474
127 190 0.340647
127 191 0.309023
127 192 0.277600
127 193 0.246338
127 194 0.215233
127 195 0.184249
127 196 0.153379
127 197 0.122594
127 198 0.091885
127 199 0.061226
127 200 0.030605
128 101 1.003935
128 102 1.012477
128 103 1.021301
128 104 1.030231
128 105 1.039460
128 106 1.048815
128 107 1.058489
128 108 1.068311
128 109 1.078474
128 110 1.088810
128 111 1.099511
128 112 1.110415
128 113 1.121712
128 114 1.133246
128 115 1.145208
128 116 1.157446
128 117 1.170153
128 118 1.183183
128 119 1.196732
128 120 1.210662
128 121 1.225171
128 122 1.240133
128 123 1.255747
128 124 1.271903
128 125 1.288806
128 126 1.306360
128 127 1.324781
128 128 1.343995
128 129 1.364229
128 130 1.385437
128 131 1.407868
128 132 1.431512
128 133 1.456651
128 134 1.483324
128 135 1.511862
128 136 1.542380
128 137 1.575286
128 138 1.610808
128 139 1.649484
128 140 1.691721
128 141 1.738280
128 142 1.789877
128 143 1.847664
128 144 1.912906
128 145 1.987449
128 146 2.073433
128 147 2.173528
128 148 2.289821
128 149 2.420980
128 150 2.551922
128 151 2.628558
128 152 2.532068
128 153 2.381272
128 154 2.230267
128 155 2.094127
128 156 1.974202
128 157 1.868387
128 158 1.774035
128 159 1.688983
128 160 1.611415
128 161 1.540033
128 162 1.473725
128 163 1.411730
128 164 1.353338
128 165 1.298087
128 166 1.245495
128 167 1.195274
128 168 1.147079
128 169 1.100723
128 170 1.055949
128 171 1.012636
128 172 0.970582
128 173 0.929708
128 174 0.889852
128 175 0.850963
128 176 0.812908
128 177 0.775653
128 178 0.739086
128 179 0.703188
128 180 0.667861
128 181 0.633095
128 182 0.598806
128 183 0.564988
128 184 0.531568
128 185 0.498544
128 186 0.465851
128 187 0.433489
128 188 0.401402
128 189 0.369588
128 190 0.337998
128 191 0.306631
128 192 0.275443
128 193 0.244432
128 194 0.213561
128 195 0.182824
128 196 0.152188
128 197 0.121647
128 198 0.091172
128 199 0.060753
128 200 0.030367
129 101 0.992417
129 102 1.001027
129 103 1.009730
129 104 1.018720
129 105 1.027822
129 106 1.037229
129 107 1.046769
129 108 1.056634
129 109 1.066657
129 110 1.077027
129 111 1.087581
129 112 1.098510
129 113 1.109653
129 114 1.121201
129 115 1.133001
129 116 1.145243
129 117 1.157779
129 118 1.170800
129 119 1.184167
129 120 1.198073
129 121 1.212387
129 122 1.227305
129 123 1.242709
129 124 1.258797
129 125 1.275466
129 126 1.292921
129 127 1.311075
129 128 1.330145
129 129 1.350065
129 130 1.371067
129 131 1.393115
129 132 1.416462
129 133 1.441110
129 134 1.467347
129 135 1.495227
129 136 1.525089
129 137 1.557060
129 138 1.591556
129 139 1.628816
129 140 1.669371
129 141 1.713617
129 142 1.762259
129 143 1.815905
129 144 1.875460
129 145 1.941689
129 146 2.015399
129 147 2.096611
129 148 2.183714
129 149 2.270599
129 150 2.342312
129 151 2.370151
129 152 2.322729
129 153 2.231436
129 154 2.124971
129 155 2.018298
129 156 1.917516
129 157 1.824253
129 158 1.738468
129 159 1.659382
129 160 1.586199
129 161 1.518051
129 162 1.454290
129 163 1.394256
129 164 1.337505
129 165 1.283555
129 166 1.232113
129 167 1.182824
129 168 1.135490
129 169 1.089843
129 170 1.045753
129 171 1.003007
129 172 0.961520
129 173 0.921121
129 174 0.881753
129 175 0.843275
129 176 0.805651
129 177 0.768762
129 178 0.732587
129 179 0.697022
129 180 0.662056
129 181 0.627601
129 182 0.593649
129 183 0.560124
129 184 0.527023
129 185 0.494280
129 186 0.461891
129 187 0.429800
129 188 0.398005
129 189 0.366455
129 190 0.335148
129 191 0.304040
129 192 0.273127
129 193 0.242372
129 194 0.211769
129 195 0.181285
129 196 0.150913
129 197 0.120624
129 198 0.090409
129 199 0.060243
129 200 0.030113
130 101 0.980818
130 102 0.989303
130 103 0.998061
130 104 1.006918
130 105 1.016066
130 106 1.025332
130 107 1.034908
130 108 1.044626
130 109 1.054674
130 110 1.064887
130 111 1.075456
130 112 1.086219
130 113 1.097365
130 114 1.108738
130 115 1.120526
130 116 1.132581
130 117 1.145089
130 118 1.157909
130 119 1.171230
130 120 1.184918
130 121 1.199162
130 122 1.213840
130 123 1.229144
130 124 1.244962
130 125 1.261492
130 126 1.278637
130 127 1.296601
130 128 1.315304
130 129 1.334963
130 130 1.355517
130 131 1.377201
130 132 1.399982
130 133 1.424114
130 134 1.449605
130 135 1.476738
130 136 1.505570
130 137 1.536428
130 138 1.569431
130 139 1.604965
130 140 1.643225
130 141 1.684662
130 142 1.729540
130 143 1.778332
130 144 1.831254
130 145 1.888534
130 146 1.949785
130 147 2.013879
130 148 2.077756
130 149 2.135455
130 150 2.176519
130 151 2.187063
130 152 2.157207
130 153 2.096830
130 154 2.019825
130 155 1.936640
130 156 1.853252
130 157 1.772703
130 158 1.696145
130 159 1.623939
130 160 1.555889
130 161 1.491743
130 162 1.431070
130 163 1.373560
130 164 1.318812
130 165 1.266576
130 166 1.216524
130 167 1.168474
130 168 1.122162
130 169 1.077462
130 170 1.034161
130 171 0.992173
130 172 0.951323
130 173 0.911552
130 174 0.872717
130 175 0.834779
130 176 0.797616
130 177 0.761203
130 178 0.725435
130 179 0.690299
130 180 0.655703
130 181 0.621640
130 182 0.588030
130 183 0.554870
130 184 0.522091
130 185 0.489690
130 186 0.457607
130 187 0.425842
130 188 0.394340
130 189 0.363102
130 190 0.332079
130 191 0.301272
130 192 0.270638
130 193 0.240174
130 194 0.209846
130 195 0.179646
130 196 0.149546
130 197 0.119536
130 198 0.089591
130 199 0.059700
130 200 0.029841
131 101 0.968958
131 102 0.977493
131 103 0.986113
131 104 0.995011
131 105 1.004013
131 106 1.013310
131 107 1.022731
131 108 1.032467
131 109 1.042352
131 110 1.052572
131 111 1.062966
131 112 1.073722
131 113 1.084682
131 114 1.096032
131 115 1.107621
131 116 1.119635
131 117 1.131927
131 118 1.144685
131 119 1.157769
131 120 1.171368
131 121 1.185350
131 122 1.199906
131 123 1.214915
131 124 1.230569
131 125 1.246759
131 126 1.263684
131 127 1.281247
131 128 1.299654
131 129 1.318827
131 130 1.338980
131 131 1.360057
131 132 1.382284
131 133 1.405633
131 134 1.430348
131 135 1.456430
131 136 1.484147
131 137 1.513536
131 138 1.544890
131 139 1.578280
131 140 1.614011
131 141 1.652165
131 142 1.693010
131 143 1.736535
131 144 1.782783
131 145 1.831324
131 146 1.881412
131 147 1.931287
131 148 1.978051
131 149 2.016880
131 150 2.041312
131 151 2.044314
131 152 2.022268
131 153 1.978794
131 154 1.920922
131 155 1.855124
131 156 1.786212
131 157 1.717102
131 158 1.649533
131 159 1.584279
131 160 1.521738
131 161 1.461904
131 162 1.404747
131 163 1.350044
131 164 1.297666
131 165 1.247357
131 166 1.198989
131 167 1.152331
131 168 1.107278
131 169 1.063629
131 170 1.021310
131 171 0.980150
131 172 0.940095
131 173 0.901001
131 174 0.862833
131 175 0.825465
131 176 0.788875
131 177 0.752956
131 178 0.717695
131 179 0.682997
131 180 0.648856
131 181 0.615191
131 182 0.581998
131 183 0.549204
131 184 0.516811
131 185 0.484754
131 186 0.453033
131 187 0.421594
131 188 0.390436
131 189 0.359510
131 190 0.328817
131 191 0.298312
131 192 0.267995
131 193 0.237828
131 194 0.207806
131 195 0.177898
131 196 0.148097
131 197 0.118376
131 198 0.088725
131 199 0.059122
131 200 0.029553
132 101 0.957025
132 102 0.965418
132 103 0.974075
132 104 0.982822
132 105 0.991850
132 106 1.000987
132 107 1.010422
132 108 1.019988
132 109 1.029873
132 110 1.039912
132 111 1.050292
132 112 1.060854
132 113 1.071783
132 114 1.082923
132 115 1.094462
132 116 1.106248
132 117 1.118466
132 118 1.130975
132 119 1.143958
132 120 1.157279
132 121 1.171125
132 122 1.185369
132 123 1.200197
132 124 1.215492
132 125 1.231444
132 126 1.247948
132 127 1.265197
132 128 1.283099
132 129 1.301854
132 130 1.321385
132 131 1.341898
132 132 1.363337
132 133 1.385917
132 134 1.409600
132 135 1.434612
132 136 1.460935
132 137 1.488800
132 138 1.518202
132 139 1.549365
132 140 1.582270
132 141 1.617084
132 142 1.653702
132 143 1.692114
132 144 1.731929
132 145 1.772655
132 146 1.813171
132 147 1.851888
132 148 1.886207
132 149 1.912775
132 150 1.927470
132 151 1.926679
132 152 1.908693
132 153 1.875221
132 154 1.829881
132 155 1.776788
132 156 1.719308
132 157 1.660023
132 158 1.600545
132 159 1.541969
132 160 1.484819
132 161 1.429450
132 162 1.375911
132 163 1.324265
132 164 1.274392
132 165 1.226256
132 166 1.179691
132 167 1.134640
132 168 1.090934
132 169 1.048522
132 170 1.007249
132 171 0.967074
132 172 0.927859
132 173 0.889575
132 174 0.852101
132 175 0.815418
132 176 0.779420
132 177 0.744095
132 178 0.709350
132 179 0.675178
132 180 0.641498
132 181 0.608306
132 182 0.575531
132 183 0.543172
132 184 0.511165
132 185 0.479511
132 186 0.448152
132 187 0.417091
132 188 0.386276
132 189 0.355710
132 190 0.325346
132 191 0.295185
132 192 0.265186
132 193 0.235350
132 194 0.205640
132 195 0.176053
132 196 0.146560
132 197 0.117153
132 198 0.087807
132 199 0.058512
132 200 0.029247
133 101 0.944841
133 102 0.953266
133 103 0.961769
133 104 0.970538
133 105 0.979402
133 106 0.988548
133 107 0.997809
133 108 1.007371
133 109 1.017069
133 110 1.027088
133 111 1.037268
133 112 1.047793
133 113 1.058505
133 114 1.069589
133 115 1.080892
133 116 1.092597
133 117 1.104557
133 118 1.116955
133 119 1.129651
133 120 1.142827
133 121 1.156351
133 122 1.170404
133 123 1.184863
133 124 1.199911
133 125 1.215433
133 126 1.231616
133 127 1.248354
133 128 1.265836
133 129 1.283969
133 130 1.302945
133 131 1.322685
133 132 1.343383
133 133 1.364973
133 134 1.387652
133 135 1.411364
133 136 1.436302
133 137 1.462412
133 138 1.489870
133 139 1.518601
133 140 1.548727
133 141 1.580099
133 142 1.612702
133 143 1.646196
133 144 1.680256
133 145 1.714110
133 146 1.746817
133 147 1.776808
133 148 1.802191
133 149 1.820472
133 150 1.829184
133 151 1.826173
133 152 1.810673
133 153 1.783453
133 154 1.746661
133 155 1.702775
133 156 1.654275
133 157 1.603075
133 158 1.550718
133 159 1.498173
133 160 1.446183
133 161 1.395106
133 162 1.345244
133 163 1.296656
133 164 1.249440
133 165 1.203528
133 166 1.158936
133 167 1.115549
133 168 1.073354
133 169 1.032225
133 170 0.992144
133 171 0.952988
133 172 0.914742
133 173 0.877291
133 174 0.840626
133 175 0.804643
133 176 0.769337
133 177 0.734614
133 178 0.700473
133 179 0.666830
133 180 0.633688
133 181 0.600971
133 182 0.568683
133 183 0.536756
133 184 0.505196
133 185 0.473943
133 186 0.443001
133 187 0.412317
133 188 0.381893
133 189 0.351685
133 190 0.321692
133 191 0.291875
133 192 0.262233
133 193 0.232731
133 194 0.203365
133 195 0.174105
133 196 0.144946
133 197 0.115861
133 198 0.086843
133 199 0.057868
133 200 0.028927
134 101 0.932591
134 102 0.940860
134 103 0.949381
134 104 0.957983
134 105 0.966853
134 106 0.975821
134 107 0.985074
134 108 0.994446
134 109 1.004121
134 110 1.013936
134 111 1.024074
134 112 1.034378
134 113 1.045029
134 114 1.055872
134 115 1.067089
134 116 1.078530
134 117 1.090375
134 118 1.102481
134 119 1.115027
134 120 1.127875
134 121 1.141204
134 122 1.154884
134 123 1.169094
134 124 1.183710
134 125 1.198913
134 126 1.214587
134 127 1.230912
134 128 1.247784
134 129 1.265382
134 130 1.283610
134 131 1.302648
134 132 1.322410
134 133 1.343071
134 134 1.364549
134 135 1.387014
134 136 1.410381
134 137 1.434796
134 138 1.460154
134 139 1.486555
134 140 1.513834
134 141 1.541987
134 142 1.570715
134 143 1.599809
134 144 1.628700
134 145 1.656805
134 146 1.683092
134 147 1.706422
134 148 1.725200
134 149 1.737816
134 150 1.742549
134 151 1.738229
134 152 1.724305
134 153 1.701325
134 154 1.670468
134 155 1.633445
134 156 1.591880
134 157 1.547349
134 158 1.501017
134 159 1.453887
134 160 1.406573
134 161 1.359610
134 162 1.313245
134 163 1.267734
134 164 1.223128
134 165 1.179539
134 166 1.136922
134 167 1.095322
134 168 1.054653
134 169 1.014933
134 170 0.976062
134 171 0.938044
134 172 0.900780
134 173 0.864272
134 174 0.828424
134 175 0.793238
134 176 0.758627
134 177 0.724594
134 178 0.691057
134 179 0.658022
134 180 0.625416
134 181 0.593243
134 182 0.561439
134 183 0.530008
134 184 0.498891
134 185 0.468095
134 186 0.437565
134 187 0.407307
134 188 0.377273
134 189 0.347466
134 190 0.317844
134 191 0.288410
134 192 0.259125
134 193 0.229990
134 194 0.200971
134 195 0.172067
134 196 0.143248
134 197 0.114510
134 198 0.085829
134 199 0.057195
134 200 0.028590
135 101 0.920101
135 102 0.928385
135 103 0.936738
135 104 0.945343
135 105 0.954032
135 106 0.962990
135 107 0.972050
135 108 0.981396
135 109 0.990863
135 110 1.000634
135 111 1.010549
135 112 1.020788
135 113 1.031196
135 114 1.041951
135 115 1.052901
135 116 1.064225
135 117 1.075776
135 118 1.087730
135 119 1.099946
135 120 1.112600
135 121 1.125557
135 122 1.138990
135 123 1.152771
135 124 1.167075
135 125 1.181778
135 126 1.197053
135 127 1.212786
135 128 1.229148
135 129 1.246030
135 130 1.263602
135 131 1.281760
135 132 1.300669
135 133 1.320227
135 134 1.340587
135 135 1.361645
135 136 1.383532
135 137 1.406123
135 138 1.429511
135 139 1.453524
135 140 1.478175
135 141 1.503199
135 142 1.528464
135 143 1.553531
135 144 1.578027
135 145 1.601227
135 146 1.622414
135 147 1.640506
135 148 1.654451
135 149 1.662969
135 150 1.665046
135 151 1.659816
135 152 1.647065
135 153 1.627009
135 154 1.600509
135 155 1.568590
135 156 1.532517
135 157 1.493361
135 158 1.452181
135 159 1.409721
135 160 1.366677
135 161 1.323454
135 162 1.280453
135 163 1.237850
135 164 1.195859
135 165 1.154521
135 166 1.113948
135 167 1.074108
135 168 1.035061
135 169 0.996741
135 170 0.959179
135 171 0.922297
135 172 0.886113
135 173 0.850545
135 174 0.815606
135 175 0.781215
135 176 0.747384
135 177 0.714036
135 178 0.681181
135 179 0.648748
135 180 0.616748
135 181 0.585113
135 182 0.553855
135 183 0.522914
135 184 0.492297
135 185 0.461952
135 186 0.431886
135 187 0.402049
135 188 0.372448
135 189 0.343041
135 190 0.313829
135 191 0.284777
135 192 0.255884
135 193 0.227117
135 194 0.198476
135 195 0.169932
135 196 0.141480
135 197 0.113096
135 198 0.084773
135 199 0.056491
135 200 0.028239
136 101 0.907555
136 102 0.915669
136 103 0.924022
136 104 0.932445
136 105 0.941122
136 106 0.949886
136 107 0.958918
136 108 0.968055
136 109 0.977477
136 110 0.987023
136 111 0.996872
136 112 1.006867
136 113 1.017185
136 114 1.027673
136 115 1.038506
136 116 1.049536
136 117 1.060936
136 118 1.072562
136 119 1.084588
136 120 1.096872
136 121 1.109588
136 122 1.122600
136 123 1.136079
136 124 1.149896
136 125 1.164218
136 126 1.178922
136 127 1.194175
136 128 1.209856
136 129 1.226128
136 130 1.242877
136 131 1.260256
136 132 1.278152
136 133 1.296709
136 134 1.315807
136 135 1.335569
136 136 1.355862
136 137 1.376773
136 138 1.398132
136 139 1.419967
136 140 1.442039
136 141 1.464274
136 142 1.486314
136 143 1.507922
136 144 1.528557
136 145 1.547756
136 146 1.564745
136 147 1.578825
136 148 1.589049
136 149 1.594643
136 150 1.594773
136 151 1.589000
136 152 1.577058
136 153 1.559209
136 154 1.535902
136 155 1.507960
136 156 1.476171
136 157 1.441464
136 158 1.404560
136 159 1.366206
136 160 1.326897
136 161 1.287139
136 162 1.247206
136 163 1.207413
136 164 1.167881
136 165 1.128796
136 166 1.090186
136 167 1.052159
136 168 1.014689
136 169 0.977844
136 170 0.941567
136 171 0.905903
136 172 0.870783
136 173 0.836237
136 174 0.802195
136 175 0.768678
136 176 0.735616
136 177 0.703027
136 178 0.670844
136 179 0.639081
136 180 0.607676
136 181 0.576643
136 182 0.545923
136 183 0.515527
136 184 0.485403
136 185 0.455560
136 186 0.425949
136 187 0.396580
136 188 0.367409
136 189 0.338441
136 190 0.309637
136 191 0.281002
136 192 0.252500
136 193 0.224134
136 194 0.195873
136 195 0.167715
136 196 0.139635
136 197 0.111628
136 198 0.083672
136 199 0.055760
136 200 0.027873
137 101 0.894781
137 102 0.902894
137 103 0.911064
137 104 0.919473
137 105 0.927955
137 106 0.936690
137 107 0.945513
137 108 0.954604
137 109 0.963800
137 110 0.973281
137 111 0.982886
137 112 0.992792
137 113 1.002844
137 114 1.013216
137 115 1.023757
137 116 1.034639
137 117 1.045715
137 118 1.057156
137 119 1.068818
137 120 1.080870
137 121 1.093175
137 122 1.105898
137 123 1.118905
137 124 1.132360
137 125 1.146135
137 126 1.160389
137 127 1.174997
137 128 1.190114
137 129 1.205618
137 130 1.221657
137 131 1.238107
137 132 1.255106
137 133 1.272527
137 134 1.290487
137 135 1.308846
137 136 1.327694
137 137 1.346862
137 138 1.366392
137 139 1.386066
137 140 1.405850
137 141 1.425443
137 142 1.444698
137 143 1.463191
137 144 1.480620
137 145 1.496405
137 146 1.510076
137 147 1.520916
137 148 1.528362
137 149 1.531700
137 150 1.530486
137 151 1.524279
137 152 1.513033
137 153 1.496797
137 154 1.476003
137 155 1.451110
137 156 1.422813
137 157 1.391697
137 158 1.358456
137 159 1.323584
137 160 1.287633
137 161 1.250936
137 162 1.213881
137 163 1.176656
137 164 1.139515
137 165 1.102541
137 166 1.065897
137 167 1.029598
137 168 0.993749
137 169 0.958325
137 170 0.923396
137 171 0.888914
137 172 0.854928
137 173 0.821380
137 174 0.788306
137 175 0.755643
137 176 0.723419
137 177 0.691572
137 178 0.660126
137 179 0.629019
137 180 0.598272
137 181 0.567826
137 182 0.537699
137 183 0.507838
137 184 0.478257
137 185 0.448907
137 186 0.419799
137 187 0.390890
137 188 0.362189
137 189 0.333655
137 190 0.305296
137 191 0.277076
137 192 0.248998
137 193 0.221032
137 194 0.193179
137 195 0.165411
137 196 0.137726
137 197 0.110102
137 198 0.082533
137 199 0.055000
137 200 0.027494
138 101 0.881960
138 102 0.889890
138 103 0.898045
138 104 0.906259
138 105 0.914712
138 106 0.923238
138 107 0.932015
138 108 0.940881
138 109 0.950013
138 110 0.959250
138 111 0.968768
138 112 0.978410
138 113 0.988350
138 114 0.998433
138 115 1.008831
138 116 1.019393
138 117 1.030290
138 118 1.041375
138 119 1.052815
138 120 1.064467
138 121 1.076497
138 122 1.088764
138 123 1.101432
138 124 1.114364
138 125 1.127719
138 126 1.141364
138 127 1.155452
138 128 1.169852
138 129 1.184710
138 130 1.199896
138 131 1.215542
138 132 1.231515
138 133 1.247932
138 134 1.264649
138 135 1.281757
138 136 1.299092
138 137 1.316706
138 138 1.334399
138 139 1.352166
138 140 1.369747
138 141 1.387056
138 142 1.403747
138 143 1.419625
138 144 1.434235
138 145 1.447262
138 146 1.458149
138 147 1.466491
138 148 1.471699
138 149 1.473395
138 150 1.471112
138 151 1.464678
138 152 1.453924
138 153 1.439017
138 154 1.420134
138 155 1.397733
138 156 1.372207
138 157 1.344126
138 158 1.313916
138 159 1.282109
138 160 1.249050
138 161 1.215158
138 162 1.180666
138 163 1.145878
138 164 1.110925
138 165 1.076016
138 166 1.041208
138 167 1.006645
138 168 0.972331
138 169 0.938367
138 170 0.904727
138 171 0.871482
138 172 0.838588
138 173 0.806098
138 174 0.773960
138 175 0.742213
138 176 0.710803
138 177 0.679760
138 178 0.649030
138 179 0.618637
138 180 0.588529
138 181 0.558726
138 182 0.529178
138 183 0.499902
138 184 0.470851
138 185 0.442040
138 186 0.413425
138 187 0.385018
138 188 0.356779
138 189 0.328717
138 190 0.300797
138 191 0.273025
138 192 0.245369
138 193 0.217832
138 194 0.190387
138 195 0.163034
138 196 0.135748
138 197 0.108528
138 198 0.081352
138 199 0.054216
138 200 0.027101
139 101 0.868923
139 102 0.876838
139 103 0.884798
139 104 0.892983
139 105 0.901227
139 106 0.909708
139 107 0.918262
139 108 0.927064
139 109 0.935955
139 110 0.945108
139 111 0.954365
139 112 0.963899
139 113 0.973553
139 114 0.983499
139 115 0.993583
139 116 1.003975
139 117 1.014525
139 118 1.025398
139 119 1.036450
139 120 1.047843
139 121 1.059434
139 122 1.071383
139 123 1.083551
139 124 1.096093
139 125 1.108873
139 126 1.122040
139 127 1.135459
139 128 1.149272
139 129 1.163344
139 130 1.177808
139 131 1.192524
139 132 1.207609
139 133 1.222917
139 134 1.238544
139 135 1.254326
139 136 1.270328
139 137 1.286361
139 138 1.302445
139 139 1.318346
139 140 1.334024
139 141 1.349186
139 142 1.363711
139 143 1.377229
139 144 1.389530
139 145 1.400168
139 146 1.408858
139 147 1.415114
139 148 1.418636
139 149 1.418989
139 150 1.415972
139 151 1.409319
139 152 1.399046
139 153 1.385139
139 154 1.367858
139 155 1.347413
139 156 1.324227
139 157 1.298616
139 158 1.271044
139 159 1.241821
139 160 1.211365
139 161 1.179917
139 162 1.147810
139 163 1.115205
139 164 1.082350
139 165 1.049333
139 166 1.016333
139 167 0.983386
139 168 0.950619
139 169 0.918032
139 170 0.885716
139 171 0.853648
139 172 0.821894
139 173 0.790417
139 174 0.759269
139 175 0.728404
139 176 0.697863
139 177 0.667595
139 178 0.637636
139 179 0.607934
139 180 0.578518
139 181 0.549338
139 182 0.520417
139 183 0.491710
139 184 0.463236
139 185 0.434950
139 186 0.406869
139 187 0.378953
139 188 0.351215
139 189 0.323617
139 190 0.296170
139 191 0.268841
139 192 0.241636
139 193 0.214527
139 194 0.187516
139 195 0.160578
139 196 0.133714
139 197 0.106902
139 198 0.080138
139 199 0.053406
139 200 0.026698
140 101 0.855851
140 102 0.863571
140 103 0.871503
140 104 0.879481
140 105 0.887681
140 106 0.895940
140 107 0.904432
140 108 0.912996
140 109 0.921806
140 110 0.930701
140 111 0.939854
140 112 0.949107
140 113 0.958630
140 114 0.968269
140 115 0.978191
140 116 0.988245
140 117 0.998594
140 118 1.009092
140 119 1.019900
140 120 1.030872
140 121 1.042165
140 122 1.053639
140 123 1.065445
140 124 1.077445
140 125 1.089785
140 126 1.102327
140 127 1.115212
140 128 1.128300
140 129 1.141723
140 130 1.155340
140 131 1.169267
140 132 1.183357
140 133 1.197710
140 134 1.212164
140 135 1.226795
140 136 1.241421
140 137 1.256081
140 138 1.270564
140 139 1.284860
140 140 1.298715
140 141 1.312059
140 142 1.324583
140 143 1.336151
140 144 1.346395
140 145 1.355118
140 146 1.361914
140 147 1.366559
140 148 1.368660
140 149 1.368036
140 150 1.364388
140 151 1.357661
140 152 1.347726
140 153 1.334711
140 154 1.318675
140 155 1.299908
140 156 1.278603
140 157 1.255137
140 158 1.229755
140 159 1.202836
140 160 1.174607
140 161 1.145401
140 162 1.115391
140 163 1.084846
140 164 1.053878
140 165 1.022692
140 166 0.991349
140 167 0.960004
140 168 0.928675
140 169 0.897480
140 170 0.866409
140 171 0.835549
140 172 0.804876
140 173 0.774456
140 174 0.744252
140 175 0.714316
140 176 0.684606
140 177 0.655165
140 178 0.625946
140 179 0.596984
140 180 0.568234
140 181 0.539725
140 182 0.511412
140 183 0.483318
140 184 0.455402
140 185 0.427684
140 186 0.400123
140 187 0.372737
140 188 0.345487
140 189 0.318388
140 190 0.291407
140 191 0.264551
140 192 0.237793
140 193 0.211138
140 194 0.184559
140 195 0.158060
140 196 0.131619
140 197 0.105235
140 198 0.078888
140 199 0.052576
140 200 0.026282
141 101 0.842577
141 102 0.850268
141 103 0.857994
141 104 0.865929
141 105 0.873910
141 106 0.882109
141 107 0.890366
141 108 0.898853
141 109 0.907409
141 110 0.916204
141 111 0.925082
141 112 0.934211
141 113 0.943435
141 114 0.952919
141 115 0.962513
141 116 0.972378
141 117 0.982365
141 118 0.992633
141 119 1.003037
141 120 1.013731
141 121 1.024572
141 122 1.035711
141 123 1.047005
141 124 1.058601
141 125 1.070357
141 126 1.082413
141 127 1.094627
141 128 1.107131
141 129 1.119780
141 130 1.132693
141 131 1.145723
141 132 1.158971
141 133 1.172280
141 134 1.185732
141 135 1.199153
141 136 1.212598
141 137 1.225868
141 138 1.238982
141 139 1.251710
141 140 1.264023
141 141 1.275652
141 142 1.286515
141 143 1.296301
141 144 1.304879
141 145 1.311904
141 146 1.317213
141 147 1.320462
141 148 1.321498
141 149 1.320026
141 150 1.315966
141 151 1.309132
141 152 1.299567
141 153 1.287230
141 154 1.272300
141 155 1.254867
141 156 1.235214
141 157 1.213507
141 158 1.190072
141 159 1.165096
141 160 1.138893
141 161 1.111627
141 162 1.083572
141 163 1.054850
141 164 1.025684
141 165 0.996152
141 166 0.966427
141 167 0.936550
141 168 0.906655
141 169 0.876750
141 170 0.846942
141 171 0.817216
141 172 0.787655
141 173 0.758232
141 174 0.729012
141 175 0.699959
141 176 0.671125
141 177 0.642471
141 178 0.614038
141 179 0.585786
141 180 0.557748
141 181 0.529883
141 182 0.502220
141 183 0.474718
141 184 0.447402
141 185 0.420232
141 186 0.393230
141 187 0.366358
141 188 0.339633
141 189 0.313022
141 190 0.286536
141 191 0.260147
141 192 0.233863
141 193 0.207657
141 194 0.181535
141 195 0.155475
141 196 0.129477
141 197 0.103522
141 198 0.077610
141 199 0.051723
141 200 0.025857
142 101 0.829277
142 102 0.836765
142 103 0.844449
142 104 0.852167
142 105 0.860091
142 106 0.868059
142 107 0.876241
142 108 0.884478
142 109 0.892939
142 110 0.901466
142 111 0.910225
142 112 0.919062
142 113 0.928140
142 114 0.937306
142 115 0.946722
142 116 0.956237
142 117 0.966010
142 118 0.975892
142 119 0.986037
142 120 0.996300
142 121 1.006831
142 122 1.017486
142 123 1.028409
142 124 1.039458
142 125 1.050772
142 126 1.062206
142 127 1.073892
142 128 1.085686
142 129 1.097706
142 130 1.109805
142 131 1.122089
142 132 1.134402
142 133 1.146832
142 134 1.159213
142 135 1.171609
142 136 1.183835
142 137 1.195928
142 138 1.207678
142 139 1.219086
142 140 1.229912
142 141 1.240115
142 142 1.249425
142 143 1.257760
142 144 1.264822
142 145 1.270499
142 146 1.274486
142 147 1.276666
142 148 1.276760
142 149 1.274689
142 150 1.270240
142 151 1.263415
142 152 1.254105
142 153 1.242418
142 154 1.228356
142 155 1.212122
142 156 1.193808
142 157 1.173677
142 158 1.151864
142 159 1.128651
142 160 1.104177
142 161 1.078707
142 162 1.052358
142 163 1.025361
142 164 0.997799
142 165 0.969862
142 166 0.941602
142 167 0.913170
142 168 0.884589
142 169 0.855980
142 170 0.827341
142 171 0.798770
142 172 0.770249
142 173 0.741855
142 174 0.713560
142 175 0.685428
142 176 0.657424
142 177 0.629598
142 178 0.601913
142 179 0.574411
142 180 0.547053
142 181 0.519873
142 182 0.492834
142 183 0.465964
142 184 0.439225
142 185 0.412643
142 186 0.386180
142 187 0.359858
142 188 0.333643
142 189 0.307551
142 190 0.281551
142 191 0.255656
142 192 0.229839
142 193 0.204107
142 194 0.178439
142 195 0.152837
142 196 0.127282
142 197 0.101775
142 198 0.076300
142 199 0.050853
142 200 0.025422
143 101 0.815789
143 102 0.823237
143 103 0.830707
143 104 0.838370
143 105 0.846066
143 106 0.853962
143 107 0.861900
143 108 0.870047
143 109 0.878245
143 110 0.886660
143 111 0.895135
143 112 0.903834
143 113 0.912604
143 114 0.921603
143 115 0.930682
143 116 0.939996
143 117 0.949398
143 118 0.959039
143 119 0.968774
143 120 0.978750
143 121 0.988824
143 122 0.999138
143 123 1.009549
143 124 1.020194
143 125 1.030930
143 126 1.041887
143 127 1.052919
143 128 1.064149
143 129 1.075427
143 130 1.086863
143 131 1.098303
143 132 1.109841
143 133 1.121316
143 134 1.132800
143 135 1.144119
143 136 1.155324
143 137 1.166220
143 138 1.176830
143 139 1.186937
143 140 1.196531
143 141 1.205371
143 142 1.213414
143 143 1.220396
143 144 1.226247
143 145 1.230695
143 146 1.233657
143 147 1.234872
143 148 1.234275
143 149 1.231647
143 150 1.226973
143 151 1.220104
143 152 1.211101
143 153 1.199906
143 154 1.186659
143 155 1.171386
143 156 1.154292
143 157 1.135459
143 158 1.115127
143 159 1.093401
143 160 1.070525
143 161 1.046603
143 162 1.021858
143 163 0.996375
143 164 0.970350
143 165 0.943839
143 166 0.917007
143 167 0.889886
143 168 0.862609
143 169 0.835186
143 170 0.807727
143 171 0.780223
143 172 0.752765
143 173 0.725331
143 174 0.697994
143 175 0.670726
143 176 0.643587
143 177 0.616543
143 178 0.589644
143 179 0.562855
143 180 0.536216
143 181 0.509690
143 182 0.483313
143 183 0.457048
143 184 0.430924
143 185 0.404906
143 186 0.379018
143 187 0.353227
143 188 0.327553
143 189 0.301966
143 190 0.276480
143 191 0.251070
143 192 0.225745
143 193 0.200482
143 194 0.175288
143 195 0.150142
143 196 0.125049
143 197 0.099990
143 198 0.074966
143 199 0.049964
143 200 0.024978
144 101 0.802287
144 102 0.809524
144 103 0.816941
144 104 0.824380
144 105 0.832007
144 106 0.839664
144 107 0.847516
144 108 0.855407
144 109 0.863499
144 110 0.871637
144 111 0.879983
144 112 0.888383
144 113 0.896996
144 114 0.905670
144 115 0.914562
144 116 0.923520
144 117 0.932698
144 118 0.941949
144 119 0.951419
144 120 0.960962
144 121 0.970723
144 122 0.980556
144 123 0.990598
144 124 1.000705
144 125 1.011007
144 126 1.021360
144 127 1.031885
144 128 1.042435
144 129 1.053121
144 130 1.063792
144 131 1.074546
144 132 1.085225
144 133 1.095912
144 134 1.106437
144 135 1.116863
144 136 1.127009
144 137 1.136913
144 138 1.146376
144 139 1.155412
144 140 1.163801
144 141 1.171530
144 142 1.178364
144 143 1.184263
144 144 1.188983
144 145 1.192471
144 146 1.194485
144 147 1.194979
144 148 1.193737
144 149 1.190739
144 150 1.185819
144 151 1.179010
144 152 1.170212
144 153 1.159524
144 154 1.146916
144 155 1.132546
144 156 1.116446
144 157 1.098813
144 158 1.079715
144 159 1.059370
144 160 1.037856
144 161 1.015386
144 162 0.992034
144 163 0.967996
144 164 0.943327
144 165 0.918198
144 166 0.892646
144 167 0.866814
144 168 0.840720
144 169 0.814483
144 170 0.788105
144 171 0.761684
144 172 0.735208
144 173 0.708758
144 174 0.682313
144 175 0.655941
144 176 0.629613
144 177 0.603386
144 178 0.577229
144 179 0.551188
144 180 0.525230
144 181 0.499394
144 182 0.473647
144 183 0.448023
144 184 0.422487
144 185 0.397067
144 186 0.371732
144 187 0.346504
144 188 0.321355
144 189 0.296301
144 190 0.271317
144 191 0.246416
144 192 0.221574
144 193 0.196801
144 194 0.172076
144 195 0.147406
144 196 0.122772
144 197 0.098177
144 198 0.073607
144 199 0.049061
144 200 0.024526
145 101 0.788611
145 102 0.795797
145 103 0.802994
145 104 0.810368
145 105 0.817761
145 106 0.825336
145 107 0.832938
145 108 0.840727
145 109 0.848551
145 110 0.856567
145 111 0.864623
145 112 0.872877
145 113 0.881176
145 114 0.889676
145 115 0.898226
145 116 0.906978
145 117 0.915782
145 118 0.924788
145 119 0.933848
145 120 0.943104
145 121 0.952411
145 122 0.961907
145 123 0.971446
145 124 0.981160
145 125 0.990902
145 126 1.000797
145 127 1.010697
145 128 1.020717
145 129 1.030706
145 130 1.040766
145 131 1.050744
145 132 1.060727
145 133 1.070552
145 134 1.080293
145 135 1.089775
145 136 1.099052
145 137 1.107938
145 138 1.116463
145 139 1.124427
145 140 1.131839
145 141 1.138485
145 142 1.144351
145 143 1.149214
145 144 1.153048
145 145 1.155629
145 146 1.156928
145 147 1.156737
145 148 1.155042
145 149 1.151669
145 150 1.146639
145 151 1.139825
145 152 1.131296
145 153 1.120985
145 154 1.109012
145 155 1.095365
145 156 1.080205
145 157 1.063562
145 158 1.045623
145 159 1.026440
145 160 1.006209
145 161 0.984988
145 162 0.962963
145 163 0.940185
145 164 0.916826
145 165 0.892922
145 166 0.868622
145 167 0.843949
145 168 0.819030
145 169 0.793871
145 170 0.768580
145 171 0.743151
145 172 0.717674
145 173 0.692134
145 174 0.666606
145 175 0.641068
145 176 0.615581
145 177 0.590119
145 178 0.564736
145 179 0.539400
145 180 0.514158
145 181 0.488976
145 182 0.463893
145 183 0.438879
145 184 0.413963
145 185 0.389116
145 186 0.364365
145 187 0.339680
145 188 0.315083
145 189 0.290547
145 190 0.266089
145 191 0.241685
145 192 0.217349
145 193 0.193058
145 194 0.168822
145 195 0.144623
145 196 0.120465
145 197 0.096333
145 198 0.072229
145 199 0.048142
145 200 0.024068
146 101 0.774931
146 102 0.781901
146 103 0.789036
146 104 0.796180
146 105 0.803495
146 106 0.810826
146 107 0.818332
146 108 0.825861
146 109 0.833570
146 110 0.841305
146 111 0.849225
146 112 0.857176
146 113 0.865312
146 114 0.873484
146 115 0.881842
146 116 0.890237
146 117 0.898816
146 118 0.907432
146 119 0.916227
146 120 0.925055
146 121 0.934054
146 122 0.943079
146 123 0.952260
146 124 0.961453
146 125 0.970782
146 126 0.980100
146 127 0.989524
146 128 0.998904
146 129 1.008348
146 130 1.017702
146 131 1.027061
146 132 1.036267
146 133 1.045399
146 134 1.054292
146 135 1.063010
146 136 1.071376
146 137 1.079436
146 138 1.087003
146 139 1.094104
146 140 1.100542
146 141 1.106323
146 142 1.111242
146 143 1.115295
146 144 1.118272
146 145 1.120164
146 146 1.120771
146 147 1.120089
146 148 1.117941
146 149 1.114345
146 150 1.109160
146 151 1.102437
146 152 1.094083
146 153 1.084188
146 154 1.072708
146 155 1.059772
146 156 1.045376
146 157 1.029679
146 158 1.012705
146 159 0.994629
146 160 0.975489
146 161 0.955459
146 162 0.934581
146 163 0.913020
146 164 0.890810
146 165 0.868102
146 166 0.844917
146 167 0.821388
146 168 0.797526
146 169 0.773444
146 170 0.749142
146 171 0.724717
146 172 0.700157
146 173 0.675547
146 174 0.650866
146 175 0.626186
146 176 0.601483
146 177 0.576816
146 178 0.552158
146 179 0.527559
146 180 0.502990
146 181 0.478493
146 182 0.454040
146 183 0.429666
146 184 0.405342
146 185 0.381099
146 186 0.356907
146 187 0.332792
146 188 0.308728
146 189 0.284735
146 190 0.260789
146 191 0.236906
146 192 0.213064
146 193 0.189275
146 194 0.165521
146 195 0.141809
146 196 0.118123
146 197 0.094468
146 198 0.070831
146 199 0.047212
146 200 0.023603
147 101 0.761092
147 102 0.768002
147 103 0.774912
147 104 0.781982
147 105 0.789059
147 106 0.796300
147 107 0.803552
147 108 0.810973
147 109 0.818410
147 110 0.826017
147 111 0.833644
147 112 0.841444
147 113 0.849265
147 114 0.857259
147 115 0.865275
147 116 0.873462
147 117 0.881670
147 118 0.890043
147 119 0.898433
147 120 0.906980
147 121 0.915536
147 122 0.924235
147 123 0.932930
147 124 0.941748
147 125 0.950542
147 126 0.959431
147 127 0.968266
147 128 0.977158
147 129 0.985957
147 130 0.994760
147 131 1.003413
147 132 1.012003
147 133 1.020370
147 134 1.028586
147 135 1.036484
147 136 1.044120
147 137 1.051319
147 138 1.058121
147 139 1.064342
147 140 1.070006
147 141 1.074923
147 142 1.079103
147 143 1.082355
147 144 1.084680
147 145 1.085893
147 146 1.085997
147 147 1.084819
147 148 1.082378
147 149 1.078526
147 150 1.073305
147 151 1.066602
147 152 1.058492
147 153 1.048902
147 154 1.037937
147 155 1.025566
147 156 1.011922
147 157 0.997003
147 158 0.980962
147 159 0.963816
147 160 0.945725
147 161 0.926716
147 162 0.906947
147 163 0.886444
147 164 0.865355
147 165 0.843700
147 166 0.821613
147 167 0.799106
147 168 0.776296
147 169 0.753186
147 170 0.729879
147 171 0.706368
147 172 0.682740
147 173 0.658983
147 174 0.635172
147 175 0.611286
147 176 0.587392
147 177 0.563465
147 178 0.539560
147 179 0.515650
147 180 0.491785
147 181 0.467935
147 182 0.444141
147 183 0.420375
147 184 0.396671
147 185 0.373002
147 186 0.349397
147 187 0.325830
147 188 0.302325
147 189 0.278856
147 190 0.255445
147 191 0.232068
147 192 0.208741
147 193 0.185444
147 194 0.162189
147 195 0.138958
147 196 0.115759
147 197 0.092578
147 198 0.069419
147 199 0.046271
147 200 0.023133
148 101 0.747260
148 102 0.753949
148 103 0.760789
148 104 0.767626
148 105 0.774618
148 106 0.781611
148 107 0.788762
148 108 0.795919
148 109 0.803236
148 110 0.810561
148 111 0.818046
148 112 0.825543
148 113 0.833199
148 114 0.840866
148 115 0.848689
148 116 0.856522
148 117 0.864507
148 118 0.872496
148 119 0.880629
148 120 0.888758
148 121 0.897017
148 122 0.905261
148 123 0.913615
148 124 0.921936
148 125 0.930342
148 126 0.938687
148 127 0.947084
148 128 0.955383
148 129 0.963688
148 130 0.971847
148 131 0.979951
148 132 0.987847
148 133 0.995612
148 134 1.003086
148 135 1.010335
148 136 1.017193
148 137 1.023711
148 138 1.029715
148 139 1.035243
148 140 1.040117
148 141 1.044362
148 142 1.047797
148 143 1.050439
148 144 1.052109
148 145 1.052824
148 146 1.052415
148 147 1.050904
148 148 1.048141
148 149 1.044163
148 150 1.038849
148 151 1.032259
148 152 1.024303
148 153 1.015068
148 154 1.004499
148 155 0.992710
148 156 0.979673
148 157 0.965522
148 158 0.950255
148 159 0.934016
148 160 0.916815
148 161 0.898799
148 162 0.879986
148 163 0.860517
148 164 0.840407
148 165 0.819790
148 166 0.798675
148 167 0.777182
148 168 0.755315
148 169 0.733179
148 170 0.710771
148 171 0.688185
148 172 0.665407
148 173 0.642521
148 174 0.619508
148 175 0.596439
148 176 0.573294
148 177 0.550131
148 178 0.526928
148 179 0.503736
148 180 0.480530
148 181 0.457354
148 182 0.434182
148 183 0.411051
148 184 0.387937
148 185 0.364870
148 186 0.341825
148 187 0.318831
148 188 0.295862
148 189 0.272942
148 190 0.250048
148 191 0.227198
148 192 0.204373
148 193 0.181586
148 194 0.158821
148 195 0.136086
148 196 0.113369
148 197 0.090674
148 198 0.067991
148 199 0.045322
148 200 0.022658
149 101 0.733281
149 102 0.739904
149 103 0.746516
149 104 0.753273
149 105 0.760024
149 106 0.766922
149 107 0.773817
149 108 0.780861
149 109 0.787905
149 110 0.795098
149 111 0.802292
149 112 0.809634
149 113 0.816977
149 114 0.824465
149 115 0.831952
149 116 0.839579
149 117 0.847200
149 118 0.854952
149 119 0.862690
149 120 0.870548
149 121 0.878380
149 122 0.886313
149 123 0.894204
149 124 0.902173
149 125 0.910075
149 126 0.918024
149 127 0.925874
149 128 0.933730
149 129 0.941444
149 130 0.949112
149 131 0.956582
149 132 0.963940
149 133 0.971031
149 134 0.977927
149 135 0.984469
149 136 0.990719
149 137 0.996510
149 138 1.001893
149 139 1.006697
149 140 1.010961
149 141 1.014513
149 142 1.017383
149 143 1.019400
149 144 1.020590
149 145 1.020790
149 146 1.020028
149 147 1.018154
149 148 1.015205
149 149 1.011054
149 150 1.005754
149 151 0.999202
149 152 0.991473
149 153 0.982493
149 154 0.972360
149 155 0.961027
149 156 0.948611
149 157 0.935089
149 158 0.920591
149 159 0.905112
149 160 0.888786
149 161 0.871618
149 162 0.853744
149 163 0.835171
149 164 0.816028
149 165 0.796321
149 166 0.776171
149 167 0.755580
149 168 0.734655
149 169 0.713394
149 170 0.691894
149 171 0.670144
149 172 0.648231
149 173 0.626140
149 174 0.603945
149 175 0.581628
149 176 0.559254
149 177 0.536800
149 178 0.514324
149 179 0.491801
149 180 0.469281
149 181 0.446737
149 182 0.424213
149 183 0.401683
149 184 0.379183
149 185 0.356688
149 186 0.334229
149 187 0.311783
149 188 0.289374
149 189 0.266981
149 190 0.244626
149 191 0.222287
149 192 0.199982
149 193 0.177693
149 194 0.155433
149 195 0.133187
149 196 0.110964
149 197 0.088751
149 198 0.066554
149 199 0.044363
149 200 0.022180
150 101 0.719320
150 102 0.725719
150 103 0.732255
150 104 0.738777
150 105 0.745438
150 106 0.752087
150 107 0.758877
150 108 0.765657
150 109 0.772577
150 110 0.779489
150 111 0.786539
150 112 0.793581
150 113 0.800758
150 114 0.807925
150 115 0.815221
150 116 0.822502
150 117 0.829904
150 118 0.837284
150 119 0.844774
150 120 0.852229
150 121 0.859779
150 122 0.867278
150 123 0.874849
150 124 0.882349
150 125 0.889893
150 126 0.897336
150 127 0.904787
150 128 0.912099
150 129 0.919372
150 130 0.926458
150 131 0.933446
150 132 0.940188
150 133 0.946761
150 134 0.953012
150 135 0.959009
150 136 0.964595
150 137 0.969828
150 138 0.974546
150 139 0.978797
150 140 0.982418
150 141 0.985449
150 142 0.987727
150 143 0.989286
150 144 0.989970
150 145 0.989812
150 146 0.988665
150 147 0.986568
150 148 0.983389
150 149 0.979180
150 150 0.973830
150 151 0.967404
150 152 0.959816
150 153 0.951151
150 154 0.941346
150 155 0.930504
150 156 0.918585
150 157 0.905704
150 158 0.891842
150 159 0.877122
150 160 0.861535
150 161 0.845208
150 162 0.828140
150 163 0.810456
150 164 0.792154
150 165 0.773354
150 166 0.754055
150 167 0.734366
150 168 0.714281
150 169 0.693901
150 170 0.673217
150 171 0.652317
150 172 0.631188
150 173 0.609908
150 174 0.588462
150 175 0.566916
150 176 0.545253
150 177 0.523532
150 178 0.501730
150 179 0.479901
150 180 0.458021
150 181 0.436135
150 182 0.414220
150 183 0.392315
150 184 0.370397
150 185 0.348498
150 186 0.326597
150 187 0.304721
150 188 0.282849
150 189 0.261005
150 190 0.239168
150 191 0.217359
150 192 0.195560
150 193 0.173786
150 194 0.152021
150 195 0.130276
150 196 0.108540
150 197 0.086820
150 198 0.065105
150 199 0.043400
150 200 0.021699
