101 151 0.000000
101 152 0.000000
101 153 0.000000
101 154 0.000000
101 155 0.000000
101 156 0.000000
101 157 0.000000
101 158 0.000000
101 159 0.000000
101 160 0.000000
101 161 0.000000
101 162 0.000000
101 163 0.000000
101 164 0.000000
101 165 0.000000
101 166 0.000000
101 167 0.000000
101 168 0.000000
101 169 0.000000
101 170 0.000000
101 171 0.000000
101 172 0.000000
101 173 0.000000
101 174 0.000000
101 175 0.000000
102 151 0.000000
102 152 0.000000
102 153 0.000000
102 154 0.000000
102 155 0.000000
102 156 0.000000
102 157 0.000000
102 158 0.000000
102 159 0.000000
102 160 0.000000
102 161 0.000000
102 162 0.000000
102 163 0.000000
102 164 0.000000
102 165 0.000000
102 166 0.000000
102 167 0.000000
102 168 0.000000
102 169 0.000000
102 170 0.000000
102 171 0.000000
102 172 0.000000
102 173 0.000000
102 174 0.000000
102 175 0.000000
103 151 0.000000
103 152 0.000000
103 153 0.000000
103 154 0.000000
103 155 0.000000
103 156 0.000000
103 157 0.000000
103 158 0.000000
103 159 0.000000
103 160 0.000000
103 161 0.000000
103 162 0.000000
103 163 0.000000
103 164 0.000000
103 165 0.000000
103 166 0.000000
103 167 0.000000
103 168 0.000000
103 169 0.000000
103 170 0.000000
103 171 0.000000
103 172 0.000000
103 173 0.000000
103 174 0.000000
103 175 0.000000
104 151 0.000000
104 152 0.000000
104 153 0.000000
104 154 0.000000
104 155 0.000000
104 156 0.000000
104 157 0.000000
104 158 0.000000
104 159 0.000000
104 160 0.000000
104 161 0.000000
104 162 0.000000
104 163 0.000000
104 164 0.000000
104 165 0.000000
104 166 0.000000
104 167 0.000000
104 168 0.000000
104 169 0.000000
104 170 0.000000
104 171 0.000000
104 172 0.000000
104 173 0.000000
104 174 0.000000
104 175 0.000000
105 151 0.000000
105 152 0.000000
105 153 0.000000
105 154 0.000000
105 155 0.000000
105 156 0.000000
105 157 0.000000
105 158 0.000000
105 159 0.000000
105 160 0.000000
105 161 0.000000
105 162 0.000000
105 163 0.000000
105 164 0.000000
105 165 0.000000
105 166 0.000000
105 167 0.000000
105 168 0.000000
105 169 0.000000
105 170 0.000000
105 171 0.000000
105 172 0.000000
105 173 0.000000
105 174 0.000000
105 175 0.000000
106 151 0.000000
106 152 0.000000
106 153 0.000000
106 154 0.000000
106 155 0.000000
106 156 0.000000
106 157 0.000000
106 158 0.000000
106 159 0.000000
106 160 0.000000
106 161 0.000000
106 162 0.000000
106 163 0.000000
106 164 0.000000
106 165 0.000000
106 166 0.000000
106 167 0.000000
106 168 0.000000
106 169 0.000000
106 170 0.000000
106 171 0.000000
106 172 0.000000
106 173 0.000000
106 174 0.000000
106 175 0.000000
107 151 0.000000
107 152 0.000000
107 153 0.000000
107 154 0.000000
107 155 0.000000
107 156 0.000000
107 157 0.000000
107 158 0.000000
107 159 0.000000
107 160 0.000000
107 161 0.000000
107 162 0.000000
107 163 0.000000
107 164 0.000000
107 165 0.000000
107 166 0.000000
107 167 0.000000
107 168 0.000000
107 169 0.000000
107 170 0.000000
107 171 0.000000
107 172 0.000000
107 173 0.000000
107 174 0.000000
107 175 0.000000
108 151 0.000000
108 152 0.000000
108 153 0.000000
108 154 0.000000
108 155 0.000000
108 156 0.000000
108 157 0.000000
108 158 0.000000
108 159 0.000000
108 160 0.000000
108 161 0.000000
108 162 0.000000
108 163 0.000000
108 164 0.000000
108 165 0.000000
108 166 0.000000
108 167 0.000000
108 168 0.000000
108 169 0.000000
108 170 0.000000
108 171 0.000000
108 172 0.000000
108 173 0.000000
108 174 0.000000
108 175 0.000000
109 151 0.000000
109 152 0.000000
109 153 0.000000
109 154 0.000000
109 155 0.000000
109 156 0.000000
109 157 0.000000
109 158 0.000000
109 159 0.000000
109 160 0.000000
109 161 0.000000
109 162 0.000000
109 163 0.000000
109 164 0.000000
109 165 0.000000
109 166 0.000000
109 167 0.000000
109 168 0.000000
109 169 0.000000
109 170 0.000000
109 171 0.000000
109 172 0.000000
109 173 0.000000
109 174 0.000000
109 175 0.000000
110 151 0.000000
110 152 0.000000
110 153 0.000000
110 154 0.000000
110 155 0.000000
110 156 0.000000
110 157 0.000000
110 158 0.000000
110 159 0.000000
110 160 0.000000
110 161 0.000000
110 162 0.000000
110 163 0.000000
110 164 0.000000
110 165 0.000000
110 166 0.000000
110 167 0.000000
110 168 0.000000
110 169 0.000000
110 170 0.000000
110 171 0.000000
110 172 0.000000
110 173 0.000000
110 174 0.000000
110 175 0.000000
111 151 0.000000
111 152 0.000000
111 153 0.000000
111 154 0.000000
111 155 0.000000
111 156 0.000000
111 157 0.000000
111 158 0.000000
111 159 0.000000
111 160 0.000000
111 161 0.000000
111 162 0.000000
111 163 0.000000
111 164 0.000000
111 165 0.000000
111 166 0.000000
111 167 0.000000
111 168 0.000000
111 169 0.000000
111 170 0.000000
111 171 0.000000
111 172 0.000000
111 173 0.000000
111 174 0.000000
111 175 0.000000
112 151 0.000000
112 152 0.000000
112 153 0.000000
112 154 0.000000
112 155 0.000000
112 156 0.000000
112 157 0.000000
112 158 0.000000
112 159 0.000000
112 160 0.000000
112 161 0.000000
112 162 0.000000
112 163 0.000000
112 164 0.000000
112 165 0.000000
112 166 0.000000
112 167 0.000000
112 168 0.000000
112 169 0.000000
112 170 0.000000
112 171 0.000000
112 172 0.000000
112 173 0.000000
112 174 0.000000
112 175 0.000000
113 151 0.000000
113 152 0.000000
113 153 0.000000
113 154 0.000000
113 155 0.000000
113 156 0.000000
113 157 0.000000
113 158 0.000000
113 159 0.000000
113 160 0.000000
113 161 0.000000
113 162 0.000000
113 163 0.000000
113 164 0.000000
113 165 0.000000
113 166 0.000000
113 167 0.000000
113 168 0.000000
113 169 0.000000
113 170 0.000000
113 171 0.000000
113 172 0.000000
113 173 0.000000
113 174 0.000000
113 175 0.000000
114 151 0.000000
114 152 0.000000
114 153 0.000000
114 154 0.000000
114 155 0.000000
114 156 0.000000
114 157 0.000000
114 158 0.000000
114 159 0.000000
114 160 0.000000
114 161 0.000000
114 162 0.000000
114 163 0.000000
114 164 0.000000
114 165 0.000000
114 166 0.000000
114 167 0.000000
114 168 0.000000
114 169 0.000000
114 170 0.000000
114 171 0.000000
114 172 0.000000
114 173 0.000000
114 174 0.000000
114 175 0.000000
115 151 0.000000
115 152 0.000000
115 153 0.000000
115 154 0.000000
115 155 0.000000
115 156 0.000000
115 157 0.000000
115 158 0.000000
115 159 0.000000
115 160 0.000000
115 161 0.000000
115 162 0.000000
115 163 0.000000
115 164 0.000000
115 165 0.000000
115 166 0.000000
115 167 0.000000
115 168 0.000000
115 169 0.000000
115 170 0.000000
115 171 0.000000
115 172 0.000000
115 173 0.000000
115 174 0.000000
115 175 0.000000
116 151 0.000000
116 152 0.000000
116 153 0.000000
116 154 0.000000
116 155 0.000000
116 156 0.000000
116 157 0.000000
116 158 0.000000
116 159 0.000000
116 160 0.000000
116 161 0.000000
116 162 0.000000
116 163 0.000000
116 164 0.000000
116 165 0.000000
116 166 0.000000
116 167 0.000000
116 168 0.000000
116 169 0.000000
116 170 0.000000
116 171 0.000000
116 172 0.000000
116 173 0.000000
116 174 0.000000
116 175 0.000000
117 151 0.000000
117 152 0.000000
117 153 0.000000
117 154 0.000000
117 155 0.000000
117 156 0.000000
117 157 0.000000
117 158 0.000000
117 159 0.000000
117 160 0.000000
117 161 0.000000
117 162 0.000000
117 163 0.000000
117 164 0.000000
117 165 0.000000
117 166 0.000000
117 167 0.000000
117 168 0.000000
117 169 0.000000
117 170 0.000000
117 171 0.000000
117 172 0.000000
117 173 0.000000
117 174 0.000000
117 175 0.000000
118 151 0.000000
118 152 0.000000
118 153 0.000000
118 154 0.000000
118 155 0.000000
118 156 0.000000
118 157 0.000000
118 158 0.000000
118 159 0.000000
118 160 0.000000
118 161 0.000000
118 162 0.000000
118 163 0.000000
118 164 0.000000
118 165 0.000000
118 166 0.000000
118 167 0.000000
118 168 0.000000
118 169 0.000000
118 170 0.000000
118 171 0.000000
118 172 0.000000
118 173 0.000000
118 174 0.000000
118 175 0.000000
119 151 0.000000
119 152 0.000000
119 153 0.000000
119 154 0.000000
119 155 0.000000
119 156 0.000000
119 157 0.000000
119 158 0.000000
119 159 0.000000
119 160 0.000000
119 161 0.000000
119 162 0.000000
119 163 0.000000
119 164 0.000000
119 165 0.000000
119 166 0.000000
119 167 0.000000
119 168 0.000000
119 169 0.000000
119 170 0.000000
119 171 0.000000
119 172 0.000000
119 173 0.000000
119 174 0.000000
119 175 0.000000
120 151 0.000000
120 152 0.000000
120 153 0.000000
120 154 0.000000
120 155 0.000000
120 156 0.000000
120 157 0.000000
120 158 0.000000
120 159 0.000000
120 160 0.000000
120 161 0.000000
120 162 0.000000
120 163 0.000000
120 164 0.000000
120 165 0.000000
120 166 0.000000
120 167 0.000000
120 168 0.000000
120 169 0.000000
120 170 0.000000
120 171 0.000000
120 172 0.000000
120 173 0.000000
120 174 0.000000
120 175 0.000000
121 151 0.000000
121 152 0.000000
121 153 0.000000
121 154 0.000000
121 155 0.000000
121 156 0.000000
121 157 0.000000
121 158 0.000000
121 159 0.000000
121 160 0.000000
121 161 0.000000
121 162 0.000000
121 163 0.000000
121 164 0.000000
121 165 0.000000
121 166 0.000000
121 167 0.000000
121 168 0.000000
121 169 0.000000
121 170 0.000000
121 171 0.000000
121 172 0.000000
121 173 0.000000
121 174 0.000000
121 175 0.000000
122 151 0.000000
122 152 0.000000
122 153 0.000000
122 154 0.000000
122 155 0.000000
122 156 0.000000
122 157 0.000000
122 158 0.000000
122 159 0.000000
122 160 0.000000
122 161 0.000000
122 162 0.000000
122 163 0.000000
122 164 0.000000
122 165 0.000000
122 166 0.000000
122 167 0.000000
122 168 0.000000
122 169 0.000000
122 170 0.000000
122 171 0.000000
122 172 0.000000
122 173 0.000000
122 174 0.000000
122 175 0.000000
123 151 0.000000
123 152 0.000000
123 153 0.000000
123 154 0.000000
123 155 0.000000
123 156 0.000000
123 157 0.000000
123 158 0.000000
123 159 0.000000
123 160 0.000000
123 161 0.000000
123 162 0.000000
123 163 0.000000
123 164 0.000000
123 165 0.000000
123 166 0.000000
123 167 0.000000
123 168 0.000000
123 169 0.000000
123 170 0.000000
123 171 0.000000
123 172 0.000000
123 173 0.000000
123 174 0.000000
123 175 0.000000
124 151 0.000000
124 152 0.000000
124 153 0.000000
124 154 0.000000
124 155 0.000000
124 156 0.000000
124 157 0.000000
124 158 0.000000
124 159 0.000000
124 160 0.000000
124 161 0.000000
124 162 0.000000
124 163 0.000000
124 164 0.000000
124 165 0.000000
124 166 0.000000
124 167 0.000000
124 168 0.000000
124 169 0.000000
124 170 0.000000
124 171 0.000000
124 172 0.000000
124 173 0.000000
124 174 0.000000
124 175 0.000000
125 151 0.000000
125 152 0.000000
125 153 0.000000
125 154 0.000000
125 155 0.000000
125 156 0.000000
125 157 0.000000
125 158 0.000000
125 159 0.000000
125 160 0.000000
125 161 0.000000
125 162 0.000000
125 163 0.000000
125 164 0.000000
125 165 0.000000
125 166 0.000000
125 167 0.000000
125 168 0.000000
125 169 0.000000
125 170 0.000000
125 171 0.000000
125 172 0.000000
125 173 0.000000
125 174 0.000000
125 175 0.000000
