151 101 0.705213
151 102 0.711541
151 103 0.717848
151 104 0.724285
151 105 0.730703
151 106 0.737254
151 107 0.743787
151 108 0.750452
151 109 0.757101
151 110 0.763879
151 111 0.770641
151 112 0.777529
151 113 0.784398
151 114 0.791389
151 115 0.798356
151 116 0.805435
151 117 0.812485
151 118 0.819636
151 119 0.826747
151 120 0.833944
151 121 0.841086
151 122 0.848295
151 123 0.855428
151 124 0.862603
151 125 0.869677
151 126 0.876759
151 127 0.883706
151 128 0.890621
151 129 0.897358
151 130 0.904011
151 131 0.910434
151 132 0.916711
151 133 0.922693
151 134 0.928455
151 135 0.933844
151 136 0.938927
151 137 0.943548
151 138 0.947764
151 139 0.951419
151 140 0.954560
151 141 0.957033
151 142 0.958879
151 143 0.959948
151 144 0.960278
151 145 0.959726
151 146 0.958335
151 147 0.955971
151 148 0.952684
151 149 0.948360
151 150 0.943058
152 101 0.691146
152 102 0.697249
152 103 0.703476
152 104 0.709677
152 105 0.716002
152 106 0.722304
152 107 0.728729
152 108 0.735132
152 109 0.741656
152 110 0.748157
152 111 0.754775
152 112 0.761368
152 113 0.768074
152 114 0.774750
152 115 0.781531
152 116 0.788276
152 117 0.795115
152 118 0.801908
152 119 0.808782
152 120 0.815595
152 121 0.822472
152 122 0.829270
152 123 0.836108
152 124 0.842844
152 125 0.849591
152 126 0.856206
152 127 0.862794
152 128 0.869213
152 129 0.875560
152 130 0.881691
152 131 0.887696
152 132 0.893428
152 133 0.898969
152 134 0.904171
152 135 0.909106
152 136 0.913624
152 137 0.917789
152 138 0.921451
152 139 0.924665
152 140 0.927282
152 141 0.929351
152 142 0.930725
152 143 0.931451
152 144 0.931387
152 145 0.930580
152 146 0.928898
152 147 0.926392
152 148 0.922942
152 149 0.918608
152 150 0.913286
153 101 0.676960
153 102 0.682987
153 103 0.688983
153 104 0.695097
153 105 0.701181
153 106 0.707381
153 107 0.713552
153 108 0.719838
153 109 0.726094
153 110 0.732462
153 111 0.738797
153 112 0.745238
153 113 0.751644
153 114 0.758148
153 115 0.764610
153 116 0.771160
153 117 0.777660
153 118 0.784235
153 119 0.790747
153 120 0.797318
153 121 0.803809
153 122 0.810338
153 123 0.816765
153 124 0.823204
153 125 0.829515
153 126 0.835805
153 127 0.841932
153 128 0.847999
153 129 0.853862
153 130 0.859616
153 131 0.865117
153 132 0.870452
153 133 0.875476
153 134 0.880266
153 135 0.884679
153 136 0.888783
153 137 0.892432
153 138 0.895690
153 139 0.898411
153 140 0.900652
153 141 0.902269
153 142 0.903316
153 143 0.903653
153 144 0.903332
153 145 0.902221
153 146 0.900375
153 147 0.897672
153 148 0.894170
153 149 0.889762
153 150 0.884515
154 101 0.662808
154 102 0.668611
154 103 0.674524
154 104 0.680403
154 105 0.686391
154 106 0.692346
154 107 0.698408
154 108 0.704435
154 109 0.710567
154 110 0.716661
154 111 0.722856
154 112 0.729009
154 113 0.735255
154 114 0.741454
154 115 0.747737
154 116 0.753965
154 117 0.760265
154 118 0.766497
154 119 0.772786
154 120 0.778994
154 121 0.785238
154 122 0.791382
154 123 0.797539
154 124 0.803571
154 125 0.809586
154 126 0.815447
154 127 0.821255
154 128 0.826872
154 129 0.832394
154 130 0.837681
154 131 0.842822
154 132 0.847677
154 133 0.852328
154 134 0.856634
154 135 0.860669
154 136 0.864293
154 137 0.867572
154 138 0.870367
154 139 0.872739
154 140 0.874550
154 141 0.875856
154 142 0.876524
154 143 0.876607
154 144 0.875977
154 145 0.874690
154 146 0.872624
154 147 0.869838
154 148 0.866222
154 149 0.861840
154 150 0.856596
155 101 0.648549
155 102 0.654273
155 103 0.659958
155 104 0.665746
155 105 0.671496
155 106 0.677347
155 107 0.683160
155 108 0.689070
155 109 0.694939
155 110 0.700903
155 111 0.706820
155 112 0.712826
155 113 0.718781
155 114 0.724815
155 115 0.730790
155 116 0.736833
155 117 0.742808
155 118 0.748836
155 119 0.754782
155 120 0.760764
155 121 0.766645
155 122 0.772542
155 123 0.778317
155 124 0.784079
155 125 0.789693
155 126 0.795263
155 127 0.800653
155 128 0.805959
155 129 0.811047
155 130 0.816007
155 131 0.820703
155 132 0.825220
155 133 0.829420
155 134 0.833382
155 135 0.836969
155 136 0.840253
155 137 0.843098
155 138 0.845569
155 139 0.847533
155 140 0.849050
155 141 0.849990
155 142 0.850411
155 143 0.850186
155 144 0.849372
155 145 0.847851
155 146 0.845681
155 147 0.842751
155 148 0.839124
155 149 0.834701
155 150 0.829549
156 101 0.634333
156 102 0.639834
156 103 0.645433
156 104 0.650990
156 105 0.656643
156 106 0.662252
156 107 0.667955
156 108 0.673612
156 109 0.679358
156 110 0.685056
156 111 0.690836
156 112 0.696562
156 113 0.702364
156 114 0.708104
156 115 0.713909
156 116 0.719643
156 117 0.725429
156 118 0.731132
156 119 0.736870
156 120 0.742510
156 121 0.748165
156 122 0.753702
156 123 0.759231
156 124 0.764618
156 125 0.769967
156 126 0.775145
156 127 0.780252
156 128 0.785154
156 129 0.789944
156 130 0.794489
156 131 0.798876
156 132 0.802972
156 133 0.806858
156 134 0.810402
156 135 0.813677
156 136 0.816553
156 137 0.819098
156 138 0.821183
156 139 0.822871
156 140 0.824036
156 141 0.824738
156 142 0.824854
156 143 0.824444
156 144 0.823389
156 145 0.821749
156 146 0.819414
156 147 0.816446
156 148 0.812743
156 149 0.808372
156 150 0.803241
157 101 0.620021
157 102 0.625441
157 103 0.630815
157 104 0.636280
157 105 0.641698
157 106 0.647204
157 107 0.652662
157 108 0.658204
157 109 0.663694
157 110 0.669263
157 111 0.674775
157 112 0.680359
157 113 0.685879
157 114 0.691462
157 115 0.696972
157 116 0.702532
157 117 0.708009
157 118 0.713521
157 119 0.718936
157 120 0.724367
157 121 0.729684
157 122 0.734995
157 123 0.740170
157 124 0.745315
157 125 0.750297
157 126 0.755217
157 127 0.759945
157 128 0.764575
157 129 0.768977
157 130 0.773240
157 131 0.777234
157 132 0.781043
157 133 0.784537
157 134 0.787795
157 135 0.790686
157 136 0.793285
157 137 0.795464
157 138 0.797291
157 139 0.798641
157 140 0.799579
157 141 0.799983
157 142 0.799916
157 143 0.799260
157 144 0.798079
157 145 0.796260
157 146 0.793866
157 147 0.790796
157 148 0.787113
157 149 0.782725
157 150 0.777700
158 101 0.605758
158 102 0.610959
158 103 0.616245
158 104 0.621482
158 105 0.626803
158 106 0.632072
158 107 0.637422
158 108 0.642717
158 109 0.648087
158 110 0.653398
158 111 0.658777
158 112 0.664092
158 113 0.669465
158 114 0.674766
158 115 0.680115
158 116 0.685381
158 117 0.690682
158 118 0.695887
158 119 0.701110
158 120 0.706220
158 121 0.711330
158 122 0.716308
158 123 0.721261
158 124 0.726060
158 125 0.730806
158 126 0.735370
158 127 0.739850
158 128 0.744116
158 129 0.748260
158 130 0.752155
158 131 0.755886
158 132 0.759327
158 133 0.762559
158 134 0.765454
158 135 0.768090
158 136 0.770341
158 137 0.772280
158 138 0.773783
158 139 0.774918
158 140 0.775566
158 141 0.775792
158 142 0.775479
158 143 0.774693
158 144 0.773322
158 145 0.771430
158 146 0.768915
158 147 0.765840
158 148 0.762111
158 149 0.757794
158 150 0.752804
159 101 0.591412
159 102 0.596529
159 103 0.601594
159 104 0.606738
159 105 0.611829
159 106 0.616996
159 107 0.622107
159 108 0.627289
159 109 0.632411
159 110 0.637598
159 111 0.642718
159 112 0.647896
159 113 0.653000
159 114 0.658151
159 115 0.663219
159 116 0.668322
159 117 0.673330
159 118 0.678358
159 119 0.683277
159 120 0.688198
159 121 0.692992
159 122 0.697766
159 123 0.702393
159 124 0.706975
159 125 0.711386
159 126 0.715723
159 127 0.719860
159 128 0.723890
159 129 0.727688
159 130 0.731342
159 131 0.734727
159 132 0.737926
159 133 0.740816
159 134 0.743475
159 135 0.745782
159 136 0.747810
159 137 0.749438
159 138 0.750739
159 139 0.751593
159 140 0.752068
159 141 0.752051
159 142 0.751606
159 143 0.750625
159 144 0.749172
159 145 0.747144
159 146 0.744606
159 147 0.741461
159 148 0.737776
159 149 0.733462
159 150 0.728588
160 101 0.577119
160 102 0.582021
160 103 0.586998
160 104 0.591919
160 105 0.596913
160 106 0.601849
160 107 0.606854
160 108 0.611796
160 109 0.616801
160 110 0.621738
160 111 0.626731
160 112 0.631650
160 113 0.636615
160 114 0.641498
160 115 0.646414
160 116 0.651238
160 117 0.656083
160 118 0.660822
160 119 0.665565
160 120 0.670186
160 121 0.674792
160 122 0.679258
160 123 0.683686
160 124 0.687952
160 125 0.692154
160 126 0.696168
160 127 0.700088
160 128 0.703792
160 129 0.707368
160 130 0.710695
160 131 0.713858
160 132 0.716735
160 133 0.719406
160 134 0.721753
160 135 0.723852
160 136 0.725583
160 137 0.727021
160 138 0.728050
160 139 0.728739
160 140 0.728975
160 141 0.728827
160 142 0.728185
160 143 0.727116
160 144 0.725516
160 145 0.723452
160 146 0.720825
160 147 0.717702
160 148 0.713993
160 149 0.709766
160 150 0.704939
161 101 0.562753
161 102 0.567570
161 103 0.572330
161 104 0.577160
161 105 0.581930
161 106 0.586765
161 107 0.591537
161 108 0.596370
161 109 0.601134
161 110 0.605952
161 111 0.610696
161 112 0.615485
161 113 0.620192
161 114 0.624934
161 115 0.629584
161 116 0.634256
161 117 0.638825
161 118 0.643401
161 119 0.647860
161 120 0.652308
161 121 0.656621
161 122 0.660903
161 123 0.665032
161 124 0.669105
161 125 0.673002
161 126 0.676817
161 127 0.680429
161 128 0.683929
161 129 0.687196
161 130 0.690318
161 131 0.693175
161 132 0.695850
161 133 0.698225
161 134 0.700379
161 135 0.702194
161 136 0.703747
161 137 0.704923
161 138 0.705794
161 139 0.706249
161 140 0.706358
161 141 0.706012
161 142 0.705279
161 143 0.704056
161 144 0.702410
161 145 0.700242
161 146 0.697621
161 147 0.694454
161 148 0.690808
161 149 0.686599
161 150 0.681895
162 101 0.548446
162 102 0.553052
162 103 0.557724
162 104 0.562336
162 105 0.567010
162 106 0.571621
162 107 0.576289
162 108 0.580889
162 109 0.585541
162 110 0.590120
162 111 0.594742
162 112 0.599283
162 113 0.603859
162 114 0.608345
162 115 0.612854
162 116 0.617263
162 117 0.621680
162 118 0.625985
162 119 0.630283
162 120 0.634452
162 121 0.638596
162 122 0.642594
162 123 0.646545
162 124 0.650329
162 125 0.654042
162 126 0.657565
162 127 0.660989
162 128 0.664196
162 129 0.667274
162 130 0.670107
162 131 0.672777
162 132 0.675170
162 133 0.677365
162 134 0.679248
162 135 0.680896
162 136 0.682197
162 137 0.683224
162 138 0.683867
162 139 0.684198
162 140 0.684109
162 141 0.683671
162 142 0.682780
162 143 0.681503
162 144 0.679744
162 145 0.677569
162 146 0.674886
162 147 0.671762
162 148 0.668111
162 149 0.664001
162 150 0.659352
163 101 0.534074
163 102 0.538595
163 103 0.543056
163 104 0.547576
163 105 0.552033
163 106 0.556544
163 107 0.560988
163 108 0.565482
163 109 0.569903
163 110 0.574366
163 111 0.578750
163 112 0.583168
163 113 0.587499
163 114 0.591853
163 115 0.596110
163 116 0.600377
163 117 0.604536
163 118 0.608692
163 119 0.612724
163 120 0.616736
163 121 0.620610
163 122 0.624443
163 123 0.628119
163 124 0.631733
163 125 0.635169
163 126 0.638518
163 127 0.641664
163 128 0.644697
163 129 0.647500
163 130 0.650159
163 131 0.652561
163 132 0.654786
163 133 0.656723
163 134 0.658449
163 135 0.659855
163 136 0.661014
163 137 0.661819
163 138 0.662343
163 139 0.662479
163 140 0.662299
163 141 0.661700
163 142 0.660750
163 143 0.659354
163 144 0.657577
163 145 0.655327
163 146 0.652671
163 147 0.649523
163 148 0.645950
163 149 0.641870
163 150 0.637352
164 101 0.519764
164 102 0.524080
164 103 0.528452
164 104 0.532761
164 105 0.537123
164 106 0.541418
164 107 0.545761
164 108 0.550031
164 109 0.554343
164 110 0.558577
164 111 0.562845
164 112 0.567027
164 113 0.571234
164 114 0.575346
164 115 0.579471
164 116 0.583491
164 117 0.587510
164 118 0.591412
164 119 0.595299
164 120 0.599053
164 121 0.602773
164 122 0.606345
164 123 0.609864
164 124 0.613214
164 125 0.616488
164 126 0.619573
164 127 0.622558
164 128 0.625328
164 129 0.627971
164 130 0.630374
164 131 0.632620
164 132 0.634598
164 133 0.636388
164 134 0.637881
164 135 0.639153
164 136 0.640097
164 137 0.640787
164 138 0.641120
164 139 0.641166
164 140 0.640824
164 141 0.640164
164 142 0.639089
164 143 0.637667
164 144 0.635805
164 145 0.633570
164 146 0.630875
164 147 0.627787
164 148 0.624223
164 149 0.620251
164 150 0.615795
165 101 0.505399
165 102 0.509629
165 103 0.513796
165 104 0.518015
165 105 0.522166
165 106 0.526364
165 107 0.530491
165 108 0.534658
165 109 0.538748
165 110 0.542872
165 111 0.546913
165 112 0.550978
165 113 0.554952
165 114 0.558941
165 115 0.562828
165 116 0.566717
165 117 0.570494
165 118 0.574260
165 119 0.577900
165 120 0.581512
165 121 0.584983
165 122 0.588408
165 123 0.591675
165 124 0.594875
165 125 0.597898
165 126 0.600832
165 127 0.603567
165 128 0.606188
165 129 0.608586
165 130 0.610844
165 131 0.612854
165 132 0.614694
165 133 0.616260
165 134 0.617626
165 135 0.618690
165 136 0.619525
165 137 0.620028
165 138 0.620272
165 139 0.620157
165 140 0.619753
165 141 0.618963
165 142 0.617857
165 143 0.616342
165 144 0.614484
165 145 0.612198
165 146 0.609548
165 147 0.606453
165 148 0.602978
165 149 0.599048
165 150 0.594726
166 101 0.491098
166 102 0.495128
166 103 0.499208
166 104 0.503222
166 105 0.507280
166 106 0.511269
166 107 0.515297
166 108 0.519250
166 109 0.523236
166 110 0.527141
166 111 0.531071
166 112 0.534912
166 113 0.538769
166 114 0.542529
166 115 0.546294
166 116 0.549951
166 117 0.553600
166 118 0.557129
166 119 0.560636
166 120 0.564009
166 121 0.567343
166 122 0.570528
166 123 0.573656
166 124 0.576616
166 125 0.579498
166 126 0.582194
166 127 0.584790
166 128 0.587177
166 129 0.589439
166 130 0.591471
166 131 0.593351
166 132 0.594976
166 133 0.596422
166 134 0.597588
166 135 0.598546
166 136 0.599199
166 137 0.599616
166 138 0.599700
166 139 0.599522
166 140 0.598987
166 141 0.598162
166 142 0.596957
166 143 0.595438
166 144 0.593519
166 145 0.591266
166 146 0.588595
166 147 0.585573
166 148 0.582121
166 149 0.578305
166 150 0.574053
167 101 0.476748
167 102 0.480694
167 103 0.484575
167 104 0.488499
167 105 0.492355
167 106 0.496249
167 107 0.500069
167 108 0.503922
167 109 0.507696
167 110 0.511496
167 111 0.515210
167 112 0.518941
167 113 0.522578
167 114 0.526223
167 115 0.529764
167 116 0.533300
167 117 0.536723
167 118 0.540127
167 119 0.543405
167 120 0.546650
167 121 0.549754
167 122 0.552809
167 123 0.555706
167 124 0.558535
167 125 0.561190
167 126 0.563755
167 127 0.566127
167 128 0.568387
167 129 0.570432
167 130 0.572342
167 131 0.574015
167 132 0.575527
167 133 0.576779
167 134 0.577844
167 135 0.578625
167 136 0.579194
167 137 0.579454
167 138 0.579475
167 139 0.579165
167 140 0.578591
167 141 0.577664
167 142 0.576449
167 143 0.574861
167 144 0.572965
167 145 0.570679
167 146 0.568067
167 147 0.565052
167 148 0.561698
167 149 0.557933
167 150 0.553818
168 101 0.462466
168 102 0.466217
168 103 0.470012
168 104 0.473738
168 105 0.477502
168 106 0.481195
168 107 0.484920
168 108 0.488568
168 109 0.492241
168 110 0.495832
168 111 0.499441
168 112 0.502960
168 113 0.506488
168 114 0.509917
168 115 0.513344
168 116 0.516663
168 117 0.519968
168 118 0.523153
168 119 0.526310
168 120 0.529335
168 121 0.532316
168 122 0.535150
168 123 0.537925
168 124 0.540536
168 125 0.543068
168 126 0.545419
168 127 0.547671
168 128 0.549722
168 129 0.551653
168 130 0.553363
168 131 0.554929
168 132 0.556254
168 133 0.557410
168 134 0.558303
168 135 0.559003
168 136 0.559417
168 137 0.559614
168 138 0.559504
168 139 0.559153
168 140 0.558473
168 141 0.557531
168 142 0.556241
168 143 0.554667
168 144 0.552729
168 145 0.550491
168 146 0.547874
168 147 0.544942
168 148 0.541622
168 149 0.537976
168 150 0.533936
169 101 0.448141
169 102 0.451809
169 103 0.455410
169 104 0.459049
169 105 0.462617
169 106 0.466218
169 107 0.469743
169 108 0.473295
169 109 0.476767
169 110 0.480257
169 111 0.483661
169 112 0.487076
169 113 0.490396
169 114 0.493717
169 115 0.496934
169 116 0.500142
169 117 0.503235
169 118 0.506306
169 119 0.509252
169 120 0.512161
169 121 0.514931
169 122 0.517649
169 123 0.520214
169 124 0.522710
169 125 0.525036
169 126 0.527274
169 127 0.529326
169 128 0.531270
169 129 0.533008
169 130 0.534617
169 131 0.536002
169 132 0.537235
169 133 0.538223
169 134 0.539038
169 135 0.539586
169 136 0.539939
169 137 0.540005
169 138 0.539852
169 139 0.539394
169 140 0.538696
169 141 0.537673
169 142 0.536391
169 143 0.534768
169 144 0.532867
169 145 0.530612
169 146 0.528065
169 147 0.525153
169 148 0.521938
169 149 0.518350
169 150 0.514451
170 101 0.433883
170 102 0.437363
170 103 0.440880
170 104 0.444327
170 105 0.447807
170 106 0.451214
170 107 0.454647
170 108 0.458002
170 109 0.461378
170 110 0.464670
170 111 0.467974
170 112 0.471188
170 113 0.474405
170 114 0.477523
170 115 0.480635
170 116 0.483639
170 117 0.486625
170 118 0.489492
170 119 0.492328
170 120 0.495034
170 121 0.497694
170 122 0.500211
170 123 0.502667
170 124 0.504965
170 125 0.507184
170 126 0.509230
170 127 0.511179
170 128 0.512937
170 129 0.514580
170 130 0.516013
170 131 0.517311
170 132 0.518381
170 133 0.519293
170 134 0.519960
170 135 0.520448
170 136 0.520670
170 137 0.520693
170 138 0.520432
170 139 0.519952
170 140 0.519170
170 141 0.518149
170 142 0.516811
170 143 0.515217
170 144 0.513292
170 145 0.511096
170 146 0.508557
170 147 0.505736
170 148 0.502563
170 149 0.499100
170 150 0.495280
171 101 0.419590
171 102 0.422987
171 103 0.426317
171 104 0.429678
171 105 0.432969
171 106 0.436287
171 107 0.439529
171 108 0.442792
171 109 0.445975
171 110 0.449171
171 111 0.452281
171 112 0.455396
171 113 0.458417
171 114 0.461435
171 115 0.464350
171 116 0.467251
171 117 0.470040
171 118 0.472804
171 119 0.475444
171 120 0.478045
171 121 0.480512
171 122 0.482926
171 123 0.485191
171 124 0.487387
171 125 0.489421
171 126 0.491370
171 127 0.493140
171 128 0.494807
171 129 0.496279
171 130 0.497630
171 131 0.498768
171 132 0.499765
171 133 0.500533
171 134 0.501140
171 135 0.501499
171 136 0.501678
171 137 0.501593
171 138 0.501307
171 139 0.500740
171 140 0.499956
171 141 0.498874
171 142 0.497558
171 143 0.495932
171 144 0.494055
171 145 0.491857
171 146 0.489397
171 147 0.486607
171 148 0.483544
171 149 0.480145
171 150 0.476468
172 101 0.405364
172 102 0.408579
172 103 0.411825
172 104 0.415003
172 105 0.418206
172 106 0.421338
172 107 0.424491
172 108 0.427567
172 109 0.430657
172 110 0.433665
172 111 0.436680
172 112 0.439605
172 113 0.442530
172 114 0.445357
172 115 0.448174
172 116 0.450885
172 117 0.453575
172 118 0.456149
172 119 0.458691
172 120 0.461105
172 121 0.463473
172 122 0.465703
172 123 0.467872
172 124 0.469889
172 125 0.471830
172 126 0.473606
172 127 0.475289
172 128 0.476791
172 129 0.478183
172 130 0.479379
172 131 0.480448
172 132 0.481303
172 133 0.482012
172 134 0.482492
172 135 0.482808
172 136 0.482878
172 137 0.482766
172 138 0.482393
172 139 0.481819
172 140 0.480970
172 141 0.479905
172 142 0.478549
172 143 0.476964
172 144 0.475077
172 145 0.472947
172 146 0.470506
172 147 0.467813
172 148 0.464802
172 149 0.461530
172 150 0.457937
173 101 0.391108
173 102 0.394240
173 103 0.397306
173 104 0.400399
173 105 0.403422
173 106 0.406466
173 107 0.409437
173 108 0.412423
173 109 0.415330
173 110 0.418247
173 111 0.421077
173 112 0.423910
173 113 0.426650
173 114 0.429383
173 115 0.432016
173 116 0.434632
173 117 0.437139
173 118 0.439618
173 119 0.441978
173 120 0.444299
173 121 0.446489
173 122 0.448627
173 123 0.450623
173 124 0.452551
173 125 0.454325
173 126 0.456017
173 127 0.457540
173 128 0.458966
173 129 0.460208
173 130 0.461336
173 131 0.462265
173 132 0.463063
173 133 0.463648
173 134 0.464084
173 135 0.464292
173 136 0.464334
173 137 0.464132
173 138 0.463749
173 139 0.463108
173 140 0.462269
173 141 0.461159
173 142 0.459838
173 143 0.458234
173 144 0.456406
173 145 0.454286
173 146 0.451931
173 147 0.449277
173 148 0.446380
173 149 0.443179
173 150 0.439729
174 101 0.376917
174 102 0.379874
174 103 0.382857
174 104 0.385773
174 105 0.388711
174 106 0.391578
174 107 0.394461
174 108 0.397269
174 109 0.400088
174 110 0.402825
174 111 0.405566
174 112 0.408219
174 113 0.410868
174 114 0.413423
174 115 0.415964
174 116 0.418403
174 117 0.420819
174 118 0.423123
174 119 0.425393
174 120 0.427541
174 121 0.429643
174 122 0.431613
174 123 0.433524
174 124 0.435290
174 125 0.436983
174 126 0.438520
174 127 0.439969
174 128 0.441248
174 129 0.442424
174 130 0.443416
174 131 0.444290
174 132 0.444965
174 133 0.445507
174 134 0.445835
174 135 0.446013
174 136 0.445965
174 137 0.445751
174 138 0.445297
174 139 0.444662
174 140 0.443774
174 141 0.442692
174 142 0.441346
174 143 0.439793
174 144 0.437967
174 145 0.435923
174 146 0.433597
174 147 0.431045
174 148 0.428206
174 149 0.425135
174 150 0.421773
175 101 0.362701
175 102 0.365576
175 103 0.368386
175 104 0.371219
175 105 0.373983
175 106 0.376765
175 107 0.379474
175 108 0.382195
175 109 0.384840
175 110 0.387489
175 111 0.390056
175 112 0.392621
175 113 0.395097
175 114 0.397563
175 115 0.399933
175 116 0.402283
175 117 0.404529
175 118 0.406746
175 119 0.408849
175 120 0.410912
175 121 0.412851
175 122 0.414739
175 123 0.416492
175 124 0.418181
175 125 0.419723
175 126 0.421188
175 127 0.422495
175 128 0.423709
175 129 0.424753
175 130 0.425690
175 131 0.426443
175 132 0.427075
175 133 0.427509
175 134 0.427807
175 135 0.427894
175 136 0.427831
175 137 0.427544
175 138 0.427092
175 139 0.426405
175 140 0.425540
175 141 0.424428
175 142 0.423125
175 143 0.421566
175 144 0.419806
175 145 0.417782
175 146 0.415548
175 147 0.413044
175 148 0.410322
175 149 0.407327
175 150 0.404109
176 101 0.348550
176 102 0.351256
176 103 0.353983
176 104 0.356646
176 105 0.359327
176 106 0.361939
176 107 0.364563
176 108 0.367115
176 109 0.369673
176 110 0.372154
176 111 0.374634
176 112 0.377031
176 113 0.379421
176 114 0.381719
176 115 0.384003
176 116 0.386188
176 117 0.388350
176 118 0.390404
176 119 0.392425
176 120 0.394330
176 121 0.396190
176 122 0.397924
176 123 0.399602
176 124 0.401144
176 125 0.402617
176 126 0.403943
176 127 0.405186
176 128 0.406271
176 129 0.407261
176 130 0.408079
176 131 0.408788
176 132 0.409314
176 133 0.409717
176 134 0.409924
176 135 0.409994
176 136 0.409856
176 137 0.409568
176 138 0.409061
176 139 0.408391
176 140 0.407491
176 141 0.406416
176 142 0.405101
176 143 0.403601
176 144 0.401853
176 145 0.399911
176 146 0.397715
176 147 0.395316
176 148 0.392659
176 149 0.389795
176 150 0.386669
177 101 0.334376
177 102 0.337000
177 103 0.339562
177 104 0.342142
177 105 0.344657
177 106 0.347185
177 107 0.349644
177 108 0.352112
177 109 0.354505
177 110 0.356901
177 111 0.359217
177 112 0.361530
177 113 0.363757
177 114 0.365972
177 115 0.368095
177 116 0.370198
177 117 0.372201
177 118 0.374176
177 119 0.376042
177 120 0.377870
177 121 0.379581
177 122 0.381242
177 123 0.382777
177 124 0.384251
177 125 0.385588
177 126 0.386852
177 127 0.387968
177 128 0.389000
177 129 0.389872
177 130 0.390647
177 131 0.391251
177 132 0.391745
177 133 0.392056
177 134 0.392244
177 135 0.392239
177 136 0.392097
177 137 0.391751
177 138 0.391256
177 139 0.390547
177 140 0.389678
177 141 0.388586
177 142 0.387322
177 143 0.385827
177 144 0.384152
177 145 0.382239
177 146 0.380139
177 147 0.377795
177 148 0.375257
177 149 0.372474
177 150 0.369492
178 101 0.320265
178 102 0.322727
178 103 0.325207
178 104 0.327624
178 105 0.330057
178 106 0.332423
178 107 0.334799
178 108 0.337105
178 109 0.339415
178 110 0.341651
178 111 0.343884
178 112 0.346038
178 113 0.348183
178 114 0.350242
178 115 0.352284
178 116 0.354234
178 117 0.356159
178 118 0.357983
178 119 0.359774
178 120 0.361456
178 121 0.363095
178 122 0.364617
178 123 0.366085
178 124 0.367425
178 125 0.368702
178 126 0.369841
178 127 0.370905
178 128 0.371821
178 129 0.372650
178 130 0.373321
178 131 0.373892
178 132 0.374294
178 133 0.374584
178 134 0.374696
178 135 0.374683
178 136 0.374481
178 137 0.374144
178 138 0.373607
178 139 0.372924
178 140 0.372032
178 141 0.370984
178 142 0.369720
178 143 0.368290
178 144 0.366637
178 145 0.364810
178 146 0.362755
178 147 0.360520
178 148 0.358053
178 149 0.355401
178 150 0.352515
179 101 0.306135
179 102 0.308515
179 103 0.310836
179 104 0.313172
179 105 0.315446
179 106 0.317730
179 107 0.319948
179 108 0.322172
179 109 0.324326
179 110 0.326480
179 111 0.328558
179 112 0.330631
179 113 0.332623
179 114 0.334603
179 115 0.336495
179 116 0.338368
179 117 0.340146
179 118 0.341896
179 119 0.343545
179 120 0.345157
179 121 0.346659
179 122 0.348115
179 123 0.349453
179 124 0.350734
179 125 0.351888
179 126 0.352975
179 127 0.353925
179 128 0.354797
179 129 0.355523
179 130 0.356159
179 131 0.356639
179 132 0.357018
179 133 0.357232
179 134 0.357333
179 135 0.357259
179 136 0.357061
179 137 0.356679
179 138 0.356163
179 139 0.355453
179 140 0.354600
179 141 0.353546
179 142 0.352339
179 143 0.350924
179 144 0.349348
179 145 0.347559
179 146 0.345602
179 147 0.343428
179 148 0.341082
179 149 0.338515
179 150 0.335773
180 101 0.292065
180 102 0.294289
180 103 0.296528
180 104 0.298709
180 105 0.300900
180 106 0.303030
180 107 0.305167
180 108 0.307237
180 109 0.309310
180 110 0.311313
180 111 0.313312
180 112 0.315235
180 113 0.317149
180 114 0.318982
180 115 0.320798
180 116 0.322527
180 117 0.324232
180 118 0.325844
180 119 0.327423
180 120 0.328901
180 121 0.330338
180 122 0.331666
180 123 0.332945
180 124 0.334106
180 125 0.335207
180 126 0.336182
180 127 0.337087
180 128 0.337858
180 129 0.338548
180 130 0.339094
180 131 0.339549
180 132 0.339851
180 133 0.340051
180 134 0.340090
180 135 0.340016
180 136 0.339771
180 137 0.339405
180 138 0.338859
180 139 0.338182
180 140 0.337317
180 141 0.336313
180 142 0.335115
180 143 0.333769
180 144 0.332224
180 145 0.330524
180 146 0.328621
180 147 0.326557
180 148 0.324287
180 149 0.321852
180 150 0.319209
181 101 0.277979
181 102 0.280121
181 103 0.282208
181 104 0.284307
181 105 0.286347
181 106 0.288396
181 107 0.290382
181 108 0.292373
181 109 0.294297
181 110 0.296220
181 111 0.298073
181 112 0.299919
181 113 0.301689
181 114 0.303446
181 115 0.305122
181 116 0.306779
181 117 0.308348
181 118 0.309890
181 119 0.311338
181 120 0.312752
181 121 0.314064
181 122 0.315333
181 123 0.316493
181 124 0.317600
181 125 0.318592
181 126 0.319521
181 127 0.320326
181 128 0.321059
181 129 0.321660
181 130 0.322179
181 131 0.322556
181 132 0.322843
181 133 0.322979
181 134 0.323014
181 135 0.322891
181 136 0.322658
181 137 0.322258
181 138 0.321739
181 139 0.321047
181 140 0.320226
181 141 0.319226
181 142 0.318090
181 143 0.316767
181 144 0.315303
181 145 0.313648
181 146 0.311846
181 147 0.309849
181 148 0.307700
181 149 0.305355
181 150 0.302855
182 101 0.263949
182 102 0.265942
182 103 0.267946
182 104 0.269897
182 105 0.271856
182 106 0.273757
182 107 0.275663
182 108 0.277508
182 109 0.279353
182 110 0.281133
182 111 0.282908
182 112 0.284614
182 113 0.286309
182 114 0.287929
182 115 0.289532
182 116 0.291055
182 117 0.292556
182 118 0.293969
182 119 0.295353
182 120 0.296643
182 121 0.297895
182 122 0.299048
182 123 0.300154
182 124 0.301154
182 125 0.302098
182 126 0.302928
182 127 0.303695
182 128 0.304339
182 129 0.304910
182 130 0.305351
182 131 0.305710
182 132 0.305931
182 133 0.306061
182 134 0.306045
182 135 0.305930
182 136 0.305660
182 137 0.305283
182 138 0.304744
182 139 0.304090
182 140 0.303268
182 141 0.302322
182 142 0.301204
182 143 0.299955
182 144 0.298529
182 145 0.296966
182 146 0.295222
182 147 0.293337
182 148 0.291269
182 149 0.289056
182 150 0.286658
183 101 0.249906
183 102 0.251817
183 103 0.253676
183 104 0.255544
183 105 0.257359
183 106 0.259179
183 107 0.260943
183 108 0.262708
183 109 0.264413
183 110 0.266115
183 111 0.267753
183 112 0.269382
183 113 0.270943
183 114 0.272490
183 115 0.273963
183 116 0.275417
183 117 0.276791
183 118 0.278139
183 119 0.279402
183 120 0.280632
183 121 0.281770
183 122 0.282868
183 123 0.283868
183 124 0.284819
183 125 0.285665
183 126 0.286455
183 127 0.287133
183 128 0.287746
183 129 0.288239
183 130 0.288659
183 131 0.288952
183 132 0.289164
183 133 0.289240
183 134 0.289228
183 135 0.289073
183 136 0.288821
183 137 0.288421
183 138 0.287915
183 139 0.287254
183 140 0.286481
183 141 0.285547
183 142 0.284495
183 143 0.283277
183 144 0.281934
183 145 0.280423
183 146 0.278782
183 147 0.276969
183 148 0.275023
183 149 0.272903
183 150 0.270647
184 101 0.235915
184 102 0.237682
184 103 0.239458
184 104 0.241185
184 105 0.242918
184 106 0.244599
184 107 0.246283
184 108 0.247910
184 109 0.249537
184 110 0.251104
184 111 0.252665
184 112 0.254163
184 113 0.255650
184 114 0.257069
184 115 0.258472
184 116 0.259802
184 117 0.261110
184 118 0.262340
184 119 0.263541
184 120 0.264659
184 121 0.265741
184 122 0.266734
184 123 0.267684
184 124 0.268538
184 125 0.269342
184 126 0.270044
184 127 0.270688
184 128 0.271223
184 129 0.271692
184 130 0.272045
184 131 0.272326
184 132 0.272482
184 133 0.272559
184 134 0.272505
184 135 0.272363
184 136 0.272085
184 137 0.271711
184 138 0.271195
184 139 0.270577
184 140 0.269811
184 141 0.268936
184 142 0.267909
184 143 0.266767
184 144 0.265469
184 145 0.264051
184 146 0.262474
184 147 0.260774
184 148 0.258912
184 149 0.256925
184 150 0.254774
185 101 0.221914
185 102 0.223597
185 103 0.225234
185 104 0.226879
185 105 0.228474
185 106 0.230074
185 107 0.231622
185 108 0.233171
185 109 0.234665
185 110 0.236155
185 111 0.237587
185 112 0.239010
185 113 0.240371
185 114 0.241720
185 115 0.243001
185 116 0.244264
185 117 0.245455
185 118 0.246623
185 119 0.247713
185 120 0.248774
185 121 0.249752
185 122 0.250694
185 123 0.251547
185 124 0.252358
185 125 0.253074
185 126 0.253740
185 127 0.254305
185 128 0.254814
185 129 0.255215
185 130 0.255553
185 131 0.255777
185 132 0.255929
185 133 0.255962
185 134 0.255917
185 135 0.255746
185 136 0.255489
185 137 0.255102
185 138 0.254622
185 139 0.254006
185 140 0.253292
185 141 0.252437
185 142 0.251478
185 143 0.250374
185 144 0.249162
185 145 0.247802
185 146 0.246328
185 147 0.244705
185 148 0.242965
185 149 0.241074
185 150 0.239065
186 101 0.207959
186 102 0.209505
186 103 0.211059
186 104 0.212568
186 105 0.214082
186 106 0.215548
186 107 0.217017
186 108 0.218435
186 109 0.219851
186 110 0.221213
186 111 0.222570
186 112 0.223869
186 113 0.225159
186 114 0.226387
186 115 0.227600
186 116 0.228748
186 117 0.229876
186 118 0.230934
186 119 0.231966
186 120 0.232923
186 121 0.233849
186 122 0.234694
186 123 0.235503
186 124 0.236225
186 125 0.236903
186 126 0.237490
186 127 0.238027
186 128 0.238467
186 129 0.238849
186 130 0.239129
186 131 0.239345
186 132 0.239452
186 133 0.239489
186 134 0.239412
186 135 0.239257
186 136 0.238984
186 137 0.238627
186 138 0.238145
186 139 0.237575
186 140 0.236875
186 141 0.236082
186 142 0.235155
186 143 0.234129
186 144 0.232967
186 145 0.231702
186 146 0.230298
186 147 0.228787
186 148 0.227136
186 149 0.225377
186 150 0.223475
187 101 0.193995
187 102 0.195457
187 103 0.196878
187 104 0.198304
187 105 0.199687
187 106 0.201073
187 107 0.202412
187 108 0.203751
187 109 0.205041
187 110 0.206328
187 111 0.207562
187 112 0.208789
187 113 0.209960
187 114 0.211119
187 115 0.212218
187 116 0.213301
187 117 0.214320
187 118 0.215318
187 119 0.216248
187 120 0.217151
187 121 0.217981
187 122 0.218779
187 123 0.219499
187 124 0.220182
187 125 0.220781
187 126 0.221337
187 127 0.221804
187 128 0.222221
187 129 0.222545
187 130 0.222812
187 131 0.222981
187 132 0.223088
187 133 0.223090
187 134 0.223024
187 135 0.222850
187 136 0.222601
187 137 0.222238
187 138 0.221796
187 139 0.221236
187 140 0.220591
187 141 0.219824
187 142 0.218967
187 143 0.217986
187 144 0.216911
187 145 0.215708
187 146 0.214408
187 147 0.212978
187 148 0.211449
187 149 0.209789
187 150 0.208028
188 101 0.180074
188 102 0.181404
188 103 0.182741
188 104 0.184037
188 105 0.185338
188 106 0.186596
188 107 0.187856
188 108 0.189071
188 109 0.190284
188 110 0.191449
188 111 0.192609
188 112 0.193719
188 113 0.194819
188 114 0.195866
188 115 0.196899
188 116 0.197874
188 117 0.198832
188 118 0.199728
188 119 0.200601
188 120 0.201409
188 121 0.202190
188 122 0.202900
188 123 0.203578
188 124 0.204180
188 125 0.204745
188 126 0.205230
188 127 0.205672
188 128 0.206029
188 129 0.206337
188 130 0.206556
188 131 0.206720
188 132 0.206789
188 133 0.206799
188 134 0.206709
188 135 0.206554
188 136 0.206296
188 137 0.205967
188 138 0.205530
188 139 0.205017
188 140 0.204394
188 141 0.203690
188 142 0.202872
188 143 0.201969
188 144 0.200950
188 145 0.199843
188 146 0.198617
188 147 0.197300
188 148 0.195863
188 149 0.194334
188 150 0.192683
189 101 0.166146
189 102 0.167391
189 103 0.168599
189 104 0.169813
189 105 0.170988
189 106 0.172165
189 107 0.173301
189 108 0.174438
189 109 0.175531
189 110 0.176621
189 111 0.177665
189 112 0.178702
189 113 0.179691
189 114 0.180669
189 115 0.181595
189 116 0.182507
189 117 0.183364
189 118 0.184202
189 119 0.184981
189 120 0.185737
189 121 0.186429
189 122 0.187094
189 123 0.187692
189 124 0.188257
189 125 0.188751
189 126 0.189207
189 127 0.189587
189 128 0.189925
189 129 0.190182
189 130 0.190392
189 131 0.190517
189 132 0.190588
189 133 0.190571
189 134 0.190496
189 135 0.190328
189 136 0.190097
189 137 0.189769
189 138 0.189374
189 139 0.188878
189 140 0.188311
189 141 0.187640
189 142 0.186893
189 143 0.186040
189 144 0.185108
189 145 0.184068
189 146 0.182946
189 147 0.181715
189 148 0.180399
189 149 0.178972
189 150 0.177460
190 101 0.152254
190 102 0.153373
190 103 0.154496
190 104 0.155585
190 105 0.156677
190 106 0.157733
190 107 0.158789
190 108 0.159807
190 109 0.160823
190 110 0.161798
190 111 0.162768
190 112 0.163695
190 113 0.164614
190 114 0.165486
190 115 0.166347
190 116 0.167158
190 117 0.167954
190 118 0.168698
190 119 0.169422
190 120 0.170090
190 121 0.170735
190 122 0.171319
190 123 0.171877
190 124 0.172370
190 125 0.172831
190 126 0.173225
190 127 0.173582
190 128 0.173867
190 129 0.174111
190 130 0.174279
190 131 0.174401
190 132 0.174444
190 133 0.174435
190 134 0.174344
190 135 0.174197
190 136 0.173964
190 137 0.173671
190 138 0.173288
190 139 0.172841
190 140 0.172302
190 141 0.171695
190 142 0.170992
190 143 0.170219
190 144 0.169348
190 145 0.168403
190 146 0.167359
190 147 0.166240
190 148 0.165020
190 149 0.163723
190 150 0.162324
191 101 0.138357
191 102 0.139389
191 103 0.140390
191 104 0.141394
191 105 0.142366
191 106 0.143339
191 107 0.144279
191 108 0.145217
191 109 0.146120
191 110 0.147019
191 111 0.147879
191 112 0.148733
191 113 0.149547
191 114 0.150351
191 115 0.151112
191 116 0.151861
191 117 0.152562
191 118 0.153249
191 119 0.153885
191 120 0.154502
191 121 0.155066
191 122 0.155607
191 123 0.156092
191 124 0.156549
191 125 0.156947
191 126 0.157313
191 127 0.157616
191 128 0.157883
191 129 0.158083
191 130 0.158244
191 131 0.158334
191 132 0.158381
191 133 0.158353
191 134 0.158278
191 135 0.158125
191 136 0.157920
191 137 0.157635
191 138 0.157295
191 139 0.156871
191 140 0.156388
191 141 0.155819
191 142 0.155188
191 143 0.154470
191 144 0.153686
191 145 0.152813
191 146 0.151873
191 147 0.150842
191 148 0.149742
191 149 0.148551
191 150 0.147289
192 101 0.124491
192 102 0.125401
192 103 0.126315
192 104 0.127201
192 105 0.128088
192 106 0.128946
192 107 0.129804
192 108 0.130630
192 109 0.131454
192 110 0.132244
192 111 0.133030
192 112 0.133780
192 113 0.134523
192 114 0.135228
192 115 0.135923
192 116 0.136578
192 117 0.137220
192 118 0.137818
192 119 0.138400
192 120 0.138936
192 121 0.139453
192 122 0.139921
192 123 0.140366
192 124 0.140758
192 125 0.141124
192 126 0.141435
192 127 0.141715
192 128 0.141937
192 129 0.142126
192 130 0.142252
192 131 0.142341
192 132 0.142365
192 133 0.142347
192 134 0.142262
192 135 0.142132
192 136 0.141931
192 137 0.141682
192 138 0.141359
192 139 0.140985
192 140 0.140535
192 141 0.140031
192 142 0.139449
192 143 0.138810
192 144 0.138092
192 145 0.137314
192 146 0.136456
192 147 0.135536
192 148 0.134535
192 149 0.133472
192 150 0.132326
193 101 0.110621
193 102 0.111442
193 103 0.112239
193 104 0.113038
193 105 0.113811
193 106 0.114584
193 107 0.115331
193 108 0.116076
193 109 0.116792
193 110 0.117505
193 111 0.118188
193 112 0.118865
193 113 0.119509
193 114 0.120145
193 115 0.120746
193 116 0.121338
193 117 0.121892
193 118 0.122432
193 119 0.122933
193 120 0.123419
193 121 0.123862
193 122 0.124286
193 123 0.124665
193 124 0.125022
193 125 0.125331
193 126 0.125615
193 127 0.125848
193 128 0.126053
193 129 0.126204
193 130 0.126324
193 131 0.126387
193 132 0.126415
193 133 0.126385
193 134 0.126316
193 135 0.126186
193 136 0.126014
193 137 0.125778
193 138 0.125499
193 139 0.125153
193 140 0.124760
193 141 0.124299
193 142 0.123789
193 143 0.123209
193 144 0.122578
193 145 0.121875
193 146 0.121120
193 147 0.120292
193 148 0.119410
193 149 0.118455
193 150 0.117445
194 101 0.096776
194 102 0.097480
194 103 0.098188
194 104 0.098873
194 105 0.099560
194 106 0.100223
194 107 0.100887
194 108 0.101525
194 109 0.102161
194 110 0.102771
194 111 0.103378
194 112 0.103956
194 113 0.104529
194 114 0.105071
194 115 0.105607
194 116 0.106110
194 117 0.106603
194 118 0.107062
194 119 0.107509
194 120 0.107919
194 121 0.108314
194 122 0.108671
194 123 0.109011
194 124 0.109309
194 125 0.109587
194 126 0.109822
194 127 0.110033
194 128 0.110199
194 129 0.110338
194 130 0.110429
194 131 0.110491
194 132 0.110503
194 133 0.110483
194 134 0.110410
194 135 0.110303
194 136 0.110140
194 137 0.109941
194 138 0.109684
194 139 0.109388
194 140 0.109033
194 141 0.108637
194 142 0.108180
194 143 0.107679
194 144 0.107117
194 145 0.106509
194 146 0.105838
194 147 0.105121
194 148 0.104341
194 149 0.103512
194 150 0.102620
195 101 0.082927
195 102 0.083541
195 103 0.084136
195 104 0.084733
195 105 0.085310
195 106 0.085887
195 107 0.086444
195 108 0.087000
195 109 0.087533
195 110 0.088065
195 111 0.088573
195 112 0.089077
195 113 0.089556
195 114 0.090029
195 115 0.090476
195 116 0.090915
195 117 0.091326
195 118 0.091727
195 119 0.092098
195 120 0.092457
195 121 0.092784
195 122 0.093097
195 123 0.093376
195 124 0.093639
195 125 0.093866
195 126 0.094073
195 127 0.094243
195 128 0.094392
195 129 0.094500
195 130 0.094584
195 131 0.094627
195 132 0.094643
195 133 0.094615
195 134 0.094559
195 135 0.094456
195 136 0.094323
195 137 0.094142
195 138 0.093928
195 139 0.093665
195 140 0.093367
195 141 0.093017
195 142 0.092632
195 143 0.092194
195 144 0.091718
195 145 0.091189
195 146 0.090620
195 147 0.089998
195 148 0.089335
195 149 0.088618
195 150 0.087860
196 101 0.069098
196 102 0.069600
196 103 0.070103
196 104 0.070591
196 105 0.071080
196 106 0.071551
196 107 0.072023
196 108 0.072477
196 109 0.072929
196 110 0.073362
196 111 0.073793
196 112 0.074203
196 113 0.074609
196 114 0.074994
196 115 0.075373
196 116 0.075729
196 117 0.076078
196 118 0.076403
196 119 0.076719
196 120 0.077009
196 121 0.077287
196 122 0.077539
196 123 0.077778
196 124 0.077987
196 125 0.078182
196 126 0.078346
196 127 0.078493
196 128 0.078608
196 129 0.078703
196 130 0.078765
196 131 0.078806
196 132 0.078811
196 133 0.078793
196 134 0.078737
196 135 0.078657
196 136 0.078538
196 137 0.078392
196 138 0.078206
196 139 0.077992
196 140 0.077736
196 141 0.077450
196 142 0.077121
196 143 0.076762
196 144 0.076358
196 145 0.075922
196 146 0.075442
196 147 0.074929
196 148 0.074370
196 149 0.073778
196 150 0.073140
197 101 0.055266
197 102 0.055674
197 103 0.056070
197 104 0.056467
197 105 0.056850
197 106 0.057234
197 107 0.057603
197 108 0.057972
197 109 0.058326
197 110 0.058679
197 111 0.059016
197 112 0.059350
197 113 0.059668
197 114 0.059981
197 115 0.060277
197 116 0.060568
197 117 0.060840
197 118 0.061105
197 119 0.061350
197 120 0.061587
197 121 0.061803
197 122 0.062009
197 123 0.062193
197 124 0.062365
197 125 0.062514
197 126 0.062650
197 127 0.062761
197 128 0.062857
197 129 0.062927
197 130 0.062981
197 131 0.063007
197 132 0.063015
197 133 0.062994
197 134 0.062955
197 135 0.062884
197 136 0.062793
197 137 0.062670
197 138 0.062526
197 139 0.062348
197 140 0.062148
197 141 0.061913
197 142 0.061655
197 143 0.061361
197 144 0.061043
197 145 0.060689
197 146 0.060309
197 147 0.059893
197 148 0.059451
197 149 0.058972
197 150 0.058467
198 101 0.041448
198 102 0.041748
198 103 0.042050
198 104 0.042342
198 105 0.042634
198 106 0.042916
198 107 0.043198
198 108 0.043469
198 109 0.043740
198 110 0.043999
198 111 0.044256
198 112 0.044501
198 113 0.044744
198 114 0.044973
198 115 0.045200
198 116 0.045412
198 117 0.045620
198 118 0.045814
198 119 0.046002
198 120 0.046174
198 121 0.046340
198 122 0.046490
198 123 0.046632
198 124 0.046756
198 125 0.046871
198 126 0.046968
198 127 0.047055
198 128 0.047122
198 129 0.047178
198 130 0.047214
198 131 0.047237
198 132 0.047238
198 133 0.047226
198 134 0.047192
198 135 0.047142
198 136 0.047069
198 137 0.046981
198 138 0.046868
198 139 0.046738
198 140 0.046584
198 141 0.046411
198 142 0.046213
198 143 0.045996
198 144 0.045754
198 145 0.045491
198 146 0.045203
198 147 0.044894
198 148 0.044559
198 149 0.044203
198 150 0.043820
199 101 0.027628
199 102 0.027831
199 103 0.028029
199 104 0.028227
199 105 0.028418
199 106 0.028609
199 107 0.028794
199 108 0.028978
199 109 0.029154
199 110 0.029330
199 111 0.029498
199 112 0.029665
199 113 0.029823
199 114 0.029979
199 115 0.030126
199 116 0.030271
199 117 0.030406
199 118 0.030538
199 119 0.030660
199 120 0.030778
199 121 0.030885
199 122 0.030988
199 123 0.031079
199 124 0.031165
199 125 0.031238
199 126 0.031305
199 127 0.031360
199 128 0.031408
199 129 0.031442
199 130 0.031468
199 131 0.031480
199 132 0.031484
199 133 0.031473
199 134 0.031452
199 135 0.031416
199 136 0.031370
199 137 0.031308
199 138 0.031235
199 139 0.031146
199 140 0.031045
199 141 0.030927
199 142 0.030797
199 143 0.030650
199 144 0.030491
199 145 0.030314
199 146 0.030123
199 147 0.029915
199 148 0.029694
199 149 0.029454
199 150 0.029201
200 101 0.013814
200 102 0.013914
200 103 0.014014
200 104 0.014112
200 105 0.014209
200 106 0.014303
200 107 0.014397
200 108 0.014487
200 109 0.014577
200 110 0.014663
200 111 0.014749
200 112 0.014830
200 113 0.014911
200 114 0.014987
200 115 0.015063
200 116 0.015133
200 117 0.015202
200 118 0.015267
200 119 0.015329
200 120 0.015386
200 121 0.015441
200 122 0.015491
200 123 0.015538
200 124 0.015579
200 125 0.015617
200 126 0.015650
200 127 0.015678
200 128 0.015700
200 129 0.015719
200 130 0.015730
200 131 0.015738
200 132 0.015738
200 133 0.015734
200 134 0.015722
200 135 0.015705
200 136 0.015681
200 137 0.015651
200 138 0.015613
200 139 0.015570
200 140 0.015518
200 141 0.015461
200 142 0.015394
200 143 0.015322
200 144 0.015241
200 145 0.015153
200 146 0.015057
200 147 0.014954
200 148 0.014842
200 149 0.014724
200 150 0.014596
