76 151 0.000000
76 152 0.000000
76 153 0.000000
76 154 0.000000
76 155 0.000000
76 156 0.000000
76 157 0.000000
76 158 0.000000
76 159 0.000000
76 160 0.000000
76 161 0.000000
76 162 0.000000
76 163 0.000000
76 164 0.000000
76 165 0.000000
76 166 0.000000
76 167 0.000000
76 168 0.000000
76 169 0.000000
76 170 0.000000
76 171 0.000000
76 172 0.000000
76 173 0.000000
76 174 0.000000
76 175 0.000000
77 151 0.000000
77 152 0.000000
77 153 0.000000
77 154 0.000000
77 155 0.000000
77 156 0.000000
77 157 0.000000
77 158 0.000000
77 159 0.000000
77 160 0.000000
77 161 0.000000
77 162 0.000000
77 163 0.000000
77 164 0.000000
77 165 0.000000
77 166 0.000000
77 167 0.000000
77 168 0.000000
77 169 0.000000
77 170 0.000000
77 171 0.000000
77 172 0.000000
77 173 0.000000
77 174 0.000000
77 175 0.000000
78 151 0.000000
78 152 0.000000
78 153 0.000000
78 154 0.000000
78 155 0.000000
78 156 0.000000
78 157 0.000000
78 158 0.000000
78 159 0.000000
78 160 0.000000
78 161 0.000000
78 162 0.000000
78 163 0.000000
78 164 0.000000
78 165 0.000000
78 166 0.000000
78 167 0.000000
78 168 0.000000
78 169 0.000000
78 170 0.000000
78 171 0.000000
78 172 0.000000
78 173 0.000000
78 174 0.000000
78 175 0.000000
79 151 0.000000
79 152 0.000000
79 153 0.000000
79 154 0.000000
79 155 0.000000
79 156 0.000000
79 157 0.000000
79 158 0.000000
79 159 0.000000
79 160 0.000000
79 161 0.000000
79 162 0.000000
79 163 0.000000
79 164 0.000000
79 165 0.000000
79 166 0.000000
79 167 0.000000
79 168 0.000000
79 169 0.000000
79 170 0.000000
79 171 0.000000
79 172 0.000000
79 173 0.000000
79 174 0.000000
79 175 0.000000
80 151 0.000000
80 152 0.000000
80 153 0.000000
80 154 0.000000
80 155 0.000000
80 156 0.000000
80 157 0.000000
80 158 0.000000
80 159 0.000000
80 160 0.000000
80 161 0.000000
80 162 0.000000
80 163 0.000000
80 164 0.000000
80 165 0.000000
80 166 0.000000
80 167 0.000000
80 168 0.000000
80 169 0.000000
80 170 0.000000
80 171 0.000000
80 172 0.000000
80 173 0.000000
80 174 0.000000
80 175 0.000000
81 151 0.000000
81 152 0.000000
81 153 0.000000
81 154 0.000000
81 155 0.000000
81 156 0.000000
81 157 0.000000
81 158 0.000000
81 159 0.000000
81 160 0.000000
81 161 0.000000
81 162 0.000000
81 163 0.000000
81 164 0.000000
81 165 0.000000
81 166 0.000000
81 167 0.000000
81 168 0.000000
81 169 0.000000
81 170 0.000000
81 171 0.000000
81 172 0.000000
81 173 0.000000
81 174 0.000000
81 175 0.000000
82 151 0.000000
82 152 0.000000
82 153 0.000000
82 154 0.000000
82 155 0.000000
82 156 0.000000
82 157 0.000000
82 158 0.000000
82 159 0.000000
82 160 0.000000
82 161 0.000000
82 162 0.000000
82 163 0.000000
82 164 0.000000
82 165 0.000000
82 166 0.000000
82 167 0.000000
82 168 0.000000
82 169 0.000000
82 170 0.000000
82 171 0.000000
82 172 0.000000
82 173 0.000000
82 174 0.000000
82 175 0.000000
83 151 0.000000
83 152 0.000000
83 153 0.000000
83 154 0.000000
83 155 0.000000
83 156 0.000000
83 157 0.000000
83 158 0.000000
83 159 0.000000
83 160 0.000000
83 161 0.000000
83 162 0.000000
83 163 0.000000
83 164 0.000000
83 165 0.000000
83 166 0.000000
83 167 0.000000
83 168 0.000000
83 169 0.000000
83 170 0.000000
83 171 0.000000
83 172 0.000000
83 173 0.000000
83 174 0.000000
83 175 0.000000
84 151 0.000000
84 152 0.000000
84 153 0.000000
84 154 0.000000
84 155 0.000000
84 156 0.000000
84 157 0.000000
84 158 0.000000
84 159 0.000000
84 160 0.000000
84 161 0.000000
84 162 0.000000
84 163 0.000000
84 164 0.000000
84 165 0.000000
84 166 0.000000
84 167 0.000000
84 168 0.000000
84 169 0.000000
84 170 0.000000
84 171 0.000000
84 172 0.000000
84 173 0.000000
84 174 0.000000
84 175 0.000000
85 151 0.000000
85 152 0.000000
85 153 0.000000
85 154 0.000000
85 155 0.000000
85 156 0.000000
85 157 0.000000
85 158 0.000000
85 159 0.000000
85 160 0.000000
85 161 0.000000
85 162 0.000000
85 163 0.000000
85 164 0.000000
85 165 0.000000
85 166 0.000000
85 167 0.000000
85 168 0.000000
85 169 0.000000
85 170 0.000000
85 171 0.000000
85 172 0.000000
85 173 0.000000
85 174 0.000000
85 175 0.000000
86 151 0.000000
86 152 0.000000
86 153 0.000000
86 154 0.000000
86 155 0.000000
86 156 0.000000
86 157 0.000000
86 158 0.000000
86 159 0.000000
86 160 0.000000
86 161 0.000000
86 162 0.000000
86 163 0.000000
86 164 0.000000
86 165 0.000000
86 166 0.000000
86 167 0.000000
86 168 0.000000
86 169 0.000000
86 170 0.000000
86 171 0.000000
86 172 0.000000
86 173 0.000000
86 174 0.000000
86 175 0.000000
87 151 0.000000
87 152 0.000000
87 153 0.000000
87 154 0.000000
87 155 0.000000
87 156 0.000000
87 157 0.000000
87 158 0.000000
87 159 0.000000
87 160 0.000000
87 161 0.000000
87 162 0.000000
87 163 0.000000
87 164 0.000000
87 165 0.000000
87 166 0.000000
87 167 0.000000
87 168 0.000000
87 169 0.000000
87 170 0.000000
87 171 0.000000
87 172 0.000000
87 173 0.000000
87 174 0.000000
87 175 0.000000
88 151 0.000000
88 152 0.000000
88 153 0.000000
88 154 0.000000
88 155 0.000000
88 156 0.000000
88 157 0.000000
88 158 0.000000
88 159 0.000000
88 160 0.000000
88 161 0.000000
88 162 0.000000
88 163 0.000000
88 164 0.000000
88 165 0.000000
88 166 0.000000
88 167 0.000000
88 168 0.000000
88 169 0.000000
88 170 0.000000
88 171 0.000000
88 172 0.000000
88 173 0.000000
88 174 0.000000
88 175 0.000000
89 151 0.000000
89 152 0.000000
89 153 0.000000
89 154 0.000000
89 155 0.000000
89 156 0.000000
89 157 0.000000
89 158 0.000000
89 159 0.000000
89 160 0.000000
89 161 0.000000
89 162 0.000000
89 163 0.000000
89 164 0.000000
89 165 0.000000
89 166 0.000000
89 167 0.000000
89 168 0.000000
89 169 0.000000
89 170 0.000000
89 171 0.000000
89 172 0.000000
89 173 0.000000
89 174 0.000000
89 175 0.000000
90 151 0.000000
90 152 0.000000
90 153 0.000000
90 154 0.000000
90 155 0.000000
90 156 0.000000
90 157 0.000000
90 158 0.000000
90 159 0.000000
90 160 0.000000
90 161 0.000000
90 162 0.000000
90 163 0.000000
90 164 0.000000
90 165 0.000000
90 166 0.000000
90 167 0.000000
90 168 0.000000
90 169 0.000000
90 170 0.000000
90 171 0.000000
90 172 0.000000
90 173 0.000000
90 174 0.000000
90 175 0.000000
91 151 0.000000
91 152 0.000000
91 153 0.000000
91 154 0.000000
91 155 0.000000
91 156 0.000000
91 157 0.000000
91 158 0.000000
91 159 0.000000
91 160 0.000000
91 161 0.000000
91 162 0.000000
91 163 0.000000
91 164 0.000000
91 165 0.000000
91 166 0.000000
91 167 0.000000
91 168 0.000000
91 169 0.000000
91 170 0.000000
91 171 0.000000
91 172 0.000000
91 173 0.000000
91 174 0.000000
91 175 0.000000
92 151 0.000000
92 152 0.000000
92 153 0.000000
92 154 0.000000
92 155 0.000000
92 156 0.000000
92 157 0.000000
92 158 0.000000
92 159 0.000000
92 160 0.000000
92 161 0.000000
92 162 0.000000
92 163 0.000000
92 164 0.000000
92 165 0.000000
92 166 0.000000
92 167 0.000000
92 168 0.000000
92 169 0.000000
92 170 0.000000
92 171 0.000000
92 172 0.000000
92 173 0.000000
92 174 0.000000
92 175 0.000000
93 151 0.000000
93 152 0.000000
93 153 0.000000
93 154 0.000000
93 155 0.000000
93 156 0.000000
93 157 0.000000
93 158 0.000000
93 159 0.000000
93 160 0.000000
93 161 0.000000
93 162 0.000000
93 163 0.000000
93 164 0.000000
93 165 0.000000
93 166 0.000000
93 167 0.000000
93 168 0.000000
93 169 0.000000
93 170 0.000000
93 171 0.000000
93 172 0.000000
93 173 0.000000
93 174 0.000000
93 175 0.000000
94 151 0.000000
94 152 0.000000
94 153 0.000000
94 154 0.000000
94 155 0.000000
94 156 0.000000
94 157 0.000000
94 158 0.000000
94 159 0.000000
94 160 0.000000
94 161 0.000000
94 162 0.000000
94 163 0.000000
94 164 0.000000
94 165 0.000000
94 166 0.000000
94 167 0.000000
94 168 0.000000
94 169 0.000000
94 170 0.000000
94 171 0.000000
94 172 0.000000
94 173 0.000000
94 174 0.000000
94 175 0.000000
95 151 0.000000
95 152 0.000000
95 153 0.000000
95 154 0.000000
95 155 0.000000
95 156 0.000000
95 157 0.000000
95 158 0.000000
95 159 0.000000
95 160 0.000000
95 161 0.000000
95 162 0.000000
95 163 0.000000
95 164 0.000000
95 165 0.000000
95 166 0.000000
95 167 0.000000
95 168 0.000000
95 169 0.000000
95 170 0.000000
95 171 0.000000
95 172 0.000000
95 173 0.000000
95 174 0.000000
95 175 0.000000
96 151 0.000000
96 152 0.000000
96 153 0.000000
96 154 0.000000
96 155 0.000000
96 156 0.000000
96 157 0.000000
96 158 0.000000
96 159 0.000000
96 160 0.000000
96 161 0.000000
96 162 0.000000
96 163 0.000000
96 164 0.000000
96 165 0.000000
96 166 0.000000
96 167 0.000000
96 168 0.000000
96 169 0.000000
96 170 0.000000
96 171 0.000000
96 172 0.000000
96 173 0.000000
96 174 0.000000
96 175 0.000000
97 151 0.000000
97 152 0.000000
97 153 0.000000
97 154 0.000000
97 155 0.000000
97 156 0.000000
97 157 0.000000
97 158 0.000000
97 159 0.000000
97 160 0.000000
97 161 0.000000
97 162 0.000000
97 163 0.000000
97 164 0.000000
97 165 0.000000
97 166 0.000000
97 167 0.000000
97 168 0.000000
97 169 0.000000
97 170 0.000000
97 171 0.000000
97 172 0.000000
97 173 0.000000
97 174 0.000000
97 175 0.000000
98 151 0.000000
98 152 0.000000
98 153 0.000000
98 154 0.000000
98 155 0.000000
98 156 0.000000
98 157 0.000000
98 158 0.000000
98 159 0.000000
98 160 0.000000
98 161 0.000000
98 162 0.000000
98 163 0.000000
98 164 0.000000
98 165 0.000000
98 166 0.000000
98 167 0.000000
98 168 0.000000
98 169 0.000000
98 170 0.000000
98 171 0.000000
98 172 0.000000
98 173 0.000000
98 174 0.000000
98 175 0.000000
99 151 0.000000
99 152 0.000000
99 153 0.000000
99 154 0.000000
99 155 0.000000
99 156 0.000000
99 157 0.000000
99 158 0.000000
99 159 0.000000
99 160 0.000000
99 161 0.000000
99 162 0.000000
99 163 0.000000
99 164 0.000000
99 165 0.000000
99 166 0.000000
99 167 0.000000
99 168 0.000000
99 169 0.000000
99 170 0.000000
99 171 0.000000
99 172 0.000000
99 173 0.000000
99 174 0.000000
99 175 0.000000
100 151 0.000000
100 152 0.000000
100 153 0.000000
100 154 0.000000
100 155 0.000000
100 156 0.000000
100 157 0.000000
100 158 0.000000
100 159 0.000000
100 160 0.000000
100 161 0.000000
100 162 0.000000
100 163 0.000000
100 164 0.000000
100 165 0.000000
100 166 0.000000
100 167 0.000000
100 168 0.000000
100 169 0.000000
100 170 0.000000
100 171 0.000000
100 172 0.000000
100 173 0.000000
100 174 0.000000
100 175 0.000000
